Theta(deg)	Phi(deg)	HitFraction
-45	0	0
-45	1	0.001
-45	2	0
-45	3	0
-45	4	0.001
-45	5	0
-45	6	0
-45	7	0
-45	8	0
-45	9	0.001
-45	10	0
-45	11	0
-45	12	0.001
-45	13	0
-45	14	0
-45	15	0.001
-45	16	0
-45	17	0
-45	18	0
-45	19	0
-45	20	0.002
-45	21	0.001
-45	22	0
-45	23	0
-45	24	0
-45	25	0
-45	26	0.001
-45	27	0
-45	28	0
-45	29	0
-45	30	0
-45	31	0
-45	32	0
-45	33	0
-45	34	0
-45	35	0
-45	36	0
-45	37	0
-45	38	0
-45	39	0
-45	40	0.001
-45	41	0
-45	42	0
-45	43	0.002
-45	44	0
-45	45	0
-45	46	0.001
-45	47	0
-45	48	0
-45	49	0
-45	50	0
-45	51	0
-45	52	0
-45	53	0
-45	54	0
-45	55	0
-45	56	0
-45	57	0
-45	58	0
-45	59	0
-45	60	0
-45	61	0
-45	62	0.001
-45	63	0.001
-45	64	0
-45	65	0
-45	66	0
-45	67	0
-45	68	0
-45	69	0
-45	70	0
-45	71	0
-45	72	0
-45	73	0
-45	74	0
-45	75	0
-45	76	0.001
-45	77	0
-45	78	0
-45	79	0
-45	80	0
-45	81	0
-45	82	0
-45	83	0
-45	84	0
-45	85	0
-45	86	0
-45	87	0
-45	88	0
-45	89	0
-45	90	0
-45	91	0
-45	92	0
-45	93	0
-45	94	0
-45	95	0
-45	96	0
-45	97	0
-45	98	0
-45	99	0
-45	100	0
-45	101	0
-45	102	0
-45	103	0
-45	104	0
-45	105	0
-45	106	0
-45	107	0
-45	108	0
-45	109	0
-45	110	0
-45	111	0
-45	112	0
-45	113	0
-45	114	0
-45	115	0
-45	116	0
-45	117	0
-45	118	0
-45	119	0
-45	120	0
-45	121	0
-45	122	0.001
-45	123	0
-45	124	0
-45	125	0
-45	126	0
-45	127	0
-45	128	0
-45	129	0
-45	130	0
-45	131	0.001
-45	132	0
-45	133	0.001
-45	134	0
-45	135	0
-45	136	0
-45	137	0
-45	138	0
-45	139	0
-45	140	0
-45	141	0
-45	142	0
-45	143	0
-45	144	0
-45	145	0
-45	146	0
-45	147	0
-45	148	0
-45	149	0
-45	150	0
-45	151	0
-45	152	0
-45	153	0
-45	154	0
-45	155	0
-45	156	0
-45	157	0
-45	158	0
-45	159	0
-45	160	0.001
-45	161	0.001
-45	162	0
-45	163	0
-45	164	0
-45	165	0
-45	166	0
-45	167	0
-45	168	0
-45	169	0.001
-45	170	0
-45	171	0
-45	172	0
-45	173	0
-45	174	0
-45	175	0.001
-45	176	0
-45	177	0
-45	178	0
-45	179	0.002
-45	180	0.001
-45	181	0
-45	182	0
-45	183	0
-45	184	0.001
-45	185	0.001
-45	186	0.001
-45	187	0
-45	188	0.001
-45	189	0.001
-45	190	0
-45	191	0.001
-45	192	0
-45	193	0
-45	194	0
-45	195	0
-45	196	0
-45	197	0
-45	198	0
-45	199	0
-45	200	0
-45	201	0
-45	202	0
-45	203	0
-45	204	0
-45	205	0
-45	206	0
-45	207	0
-45	208	0
-45	209	0
-45	210	0
-45	211	0
-45	212	0
-45	213	0
-45	214	0
-45	215	0.001
-45	216	0
-45	217	0
-45	218	0.001
-45	219	0
-45	220	0
-45	221	0.001
-45	222	0
-45	223	0
-45	224	0
-45	225	0
-45	226	0
-45	227	0
-45	228	0
-45	229	0.001
-45	230	0
-45	231	0
-45	232	0.003
-45	233	0
-45	234	0.001
-45	235	0.001
-45	236	0
-45	237	0
-45	238	0
-45	239	0
-45	240	0
-45	241	0
-45	242	0
-45	243	0
-45	244	0
-45	245	0
-45	246	0
-45	247	0
-45	248	0
-45	249	0
-45	250	0
-45	251	0
-45	252	0
-45	253	0
-45	254	0
-45	255	0
-45	256	0
-45	257	0
-45	258	0
-45	259	0
-45	260	0
-45	261	0
-45	262	0.001
-45	263	0
-45	264	0
-45	265	0
-45	266	0
-45	267	0
-45	268	0
-45	269	0
-45	270	0
-45	271	0
-45	272	0
-45	273	0
-45	274	0
-45	275	0
-45	276	0
-45	277	0
-45	278	0
-45	279	0
-45	280	0
-45	281	0
-45	282	0
-45	283	0
-45	284	0
-45	285	0
-45	286	0.001
-45	287	0
-45	288	0
-45	289	0
-45	290	0
-45	291	0
-45	292	0
-45	293	0
-45	294	0
-45	295	0
-45	296	0
-45	297	0
-45	298	0
-45	299	0
-45	300	0.001
-45	301	0
-45	302	0
-45	303	0
-45	304	0
-45	305	0
-45	306	0
-45	307	0.001
-45	308	0
-45	309	0
-45	310	0
-45	311	0
-45	312	0.001
-45	313	0
-45	314	0
-45	315	0
-45	316	0.001
-45	317	0
-45	318	0
-45	319	0
-45	320	0
-45	321	0
-45	322	0
-45	323	0
-45	324	0
-45	325	0
-45	326	0
-45	327	0
-45	328	0
-45	329	0
-45	330	0
-45	331	0
-45	332	0
-45	333	0
-45	334	0.001
-45	335	0
-45	336	0.001
-45	337	0
-45	338	0
-45	339	0
-45	340	0
-45	341	0
-45	342	0
-45	343	0.003
-45	344	0
-45	345	0.001
-45	346	0
-45	347	0
-45	348	0.001
-45	349	0.001
-45	350	0
-45	351	0.002
-45	352	0
-45	353	0
-45	354	0.002
-45	355	0
-45	356	0
-45	357	0.001
-45	358	0
-45	359	0
-40	0	0.003
-40	1	0
-40	2	0
-40	3	0
-40	4	0
-40	5	0.001
-40	6	0
-40	7	0
-40	8	0
-40	9	0
-40	10	0
-40	11	0
-40	12	0
-40	13	0
-40	14	0
-40	15	0.001
-40	16	0
-40	17	0
-40	18	0
-40	19	0
-40	20	0
-40	21	0.001
-40	22	0
-40	23	0
-40	24	0
-40	25	0
-40	26	0
-40	27	0
-40	28	0.001
-40	29	0
-40	30	0
-40	31	0
-40	32	0
-40	33	0
-40	34	0
-40	35	0
-40	36	0
-40	37	0
-40	38	0
-40	39	0.001
-40	40	0
-40	41	0.001
-40	42	0
-40	43	0
-40	44	0
-40	45	0
-40	46	0
-40	47	0.001
-40	48	0.001
-40	49	0
-40	50	0
-40	51	0
-40	52	0
-40	53	0.001
-40	54	0
-40	55	0
-40	56	0
-40	57	0
-40	58	0
-40	59	0
-40	60	0
-40	61	0
-40	62	0
-40	63	0
-40	64	0
-40	65	0
-40	66	0
-40	67	0
-40	68	0
-40	69	0
-40	70	0
-40	71	0
-40	72	0
-40	73	0
-40	74	0
-40	75	0
-40	76	0
-40	77	0
-40	78	0
-40	79	0
-40	80	0
-40	81	0
-40	82	0
-40	83	0
-40	84	0
-40	85	0
-40	86	0
-40	87	0
-40	88	0
-40	89	0
-40	90	0
-40	91	0
-40	92	0
-40	93	0
-40	94	0
-40	95	0
-40	96	0
-40	97	0
-40	98	0
-40	99	0
-40	100	0
-40	101	0
-40	102	0.001
-40	103	0
-40	104	0
-40	105	0
-40	106	0
-40	107	0
-40	108	0
-40	109	0.002
-40	110	0
-40	111	0
-40	112	0.001
-40	113	0
-40	114	0
-40	115	0
-40	116	0
-40	117	0
-40	118	0
-40	119	0.001
-40	120	0
-40	121	0.001
-40	122	0
-40	123	0
-40	124	0
-40	125	0
-40	126	0.001
-40	127	0.001
-40	128	0
-40	129	0
-40	130	0.001
-40	131	0.002
-40	132	0
-40	133	0
-40	134	0.001
-40	135	0
-40	136	0.001
-40	137	0.001
-40	138	0
-40	139	0.001
-40	140	0.001
-40	141	0
-40	142	0
-40	143	0
-40	144	0
-40	145	0.001
-40	146	0
-40	147	0
-40	148	0.001
-40	149	0.001
-40	150	0
-40	151	0
-40	152	0
-40	153	0
-40	154	0
-40	155	0.001
-40	156	0
-40	157	0
-40	158	0
-40	159	0.001
-40	160	0
-40	161	0.001
-40	162	0.001
-40	163	0
-40	164	0
-40	165	0
-40	166	0
-40	167	0
-40	168	0
-40	169	0.001
-40	170	0
-40	171	0
-40	172	0.001
-40	173	0.001
-40	174	0
-40	175	0.001
-40	176	0.001
-40	177	0.001
-40	178	0
-40	179	0
-40	180	0.001
-40	181	0
-40	182	0.002
-40	183	0
-40	184	0.001
-40	185	0
-40	186	0.001
-40	187	0
-40	188	0
-40	189	0.002
-40	190	0.001
-40	191	0
-40	192	0
-40	193	0
-40	194	0
-40	195	0
-40	196	0
-40	197	0
-40	198	0
-40	199	0
-40	200	0.001
-40	201	0.001
-40	202	0
-40	203	0.001
-40	204	0
-40	205	0
-40	206	0.001
-40	207	0.001
-40	208	0.001
-40	209	0
-40	210	0.001
-40	211	0
-40	212	0
-40	213	0
-40	214	0
-40	215	0
-40	216	0.001
-40	217	0
-40	218	0
-40	219	0
-40	220	0.001
-40	221	0
-40	222	0.001
-40	223	0
-40	224	0
-40	225	0
-40	226	0
-40	227	0
-40	228	0
-40	229	0.002
-40	230	0
-40	231	0
-40	232	0
-40	233	0.005
-40	234	0
-40	235	0
-40	236	0.002
-40	237	0
-40	238	0
-40	239	0
-40	240	0
-40	241	0.001
-40	242	0
-40	243	0
-40	244	0
-40	245	0
-40	246	0
-40	247	0
-40	248	0.001
-40	249	0
-40	250	0
-40	251	0.002
-40	252	0
-40	253	0
-40	254	0
-40	255	0
-40	256	0
-40	257	0
-40	258	0
-40	259	0
-40	260	0
-40	261	0
-40	262	0
-40	263	0.001
-40	264	0
-40	265	0
-40	266	0
-40	267	0
-40	268	0
-40	269	0
-40	270	0
-40	271	0
-40	272	0
-40	273	0
-40	274	0.001
-40	275	0
-40	276	0
-40	277	0
-40	278	0
-40	279	0
-40	280	0
-40	281	0
-40	282	0
-40	283	0
-40	284	0
-40	285	0
-40	286	0
-40	287	0
-40	288	0
-40	289	0
-40	290	0
-40	291	0
-40	292	0
-40	293	0
-40	294	0
-40	295	0
-40	296	0
-40	297	0
-40	298	0
-40	299	0
-40	300	0
-40	301	0.001
-40	302	0
-40	303	0.001
-40	304	0
-40	305	0
-40	306	0
-40	307	0
-40	308	0
-40	309	0
-40	310	0
-40	311	0
-40	312	0
-40	313	0
-40	314	0
-40	315	0
-40	316	0
-40	317	0
-40	318	0
-40	319	0
-40	320	0.001
-40	321	0
-40	322	0
-40	323	0
-40	324	0
-40	325	0
-40	326	0
-40	327	0
-40	328	0
-40	329	0
-40	330	0
-40	331	0
-40	332	0
-40	333	0
-40	334	0
-40	335	0
-40	336	0
-40	337	0
-40	338	0.001
-40	339	0
-40	340	0
-40	341	0
-40	342	0
-40	343	0
-40	344	0.001
-40	345	0
-40	346	0
-40	347	0.001
-40	348	0
-40	349	0
-40	350	0
-40	351	0
-40	352	0
-40	353	0.002
-40	354	0.001
-40	355	0
-40	356	0.001
-40	357	0.001
-40	358	0.001
-40	359	0
-35	0	0
-35	1	0
-35	2	0
-35	3	0
-35	4	0
-35	5	0
-35	6	0
-35	7	0.002
-35	8	0
-35	9	0
-35	10	0
-35	11	0
-35	12	0
-35	13	0
-35	14	0
-35	15	0.001
-35	16	0
-35	17	0.001
-35	18	0
-35	19	0
-35	20	0.001
-35	21	0
-35	22	0.001
-35	23	0.001
-35	24	0
-35	25	0
-35	26	0
-35	27	0
-35	28	0.001
-35	29	0
-35	30	0.001
-35	31	0
-35	32	0.002
-35	33	0
-35	34	0
-35	35	0
-35	36	0
-35	37	0
-35	38	0
-35	39	0.001
-35	40	0
-35	41	0
-35	42	0
-35	43	0
-35	44	0
-35	45	0
-35	46	0
-35	47	0
-35	48	0.001
-35	49	0
-35	50	0
-35	51	0
-35	52	0
-35	53	0
-35	54	0
-35	55	0
-35	56	0
-35	57	0
-35	58	0
-35	59	0
-35	60	0
-35	61	0
-35	62	0
-35	63	0
-35	64	0.001
-35	65	0
-35	66	0
-35	67	0.001
-35	68	0
-35	69	0
-35	70	0
-35	71	0
-35	72	0
-35	73	0
-35	74	0
-35	75	0
-35	76	0
-35	77	0
-35	78	0
-35	79	0
-35	80	0
-35	81	0
-35	82	0
-35	83	0
-35	84	0
-35	85	0
-35	86	0
-35	87	0
-35	88	0
-35	89	0
-35	90	0
-35	91	0
-35	92	0
-35	93	0
-35	94	0
-35	95	0
-35	96	0
-35	97	0
-35	98	0
-35	99	0.001
-35	100	0
-35	101	0
-35	102	0
-35	103	0
-35	104	0.001
-35	105	0
-35	106	0
-35	107	0.001
-35	108	0
-35	109	0
-35	110	0
-35	111	0
-35	112	0.001
-35	113	0.001
-35	114	0
-35	115	0.001
-35	116	0
-35	117	0.001
-35	118	0
-35	119	0.001
-35	120	0
-35	121	0
-35	122	0
-35	123	0
-35	124	0
-35	125	0
-35	126	0
-35	127	0
-35	128	0
-35	129	0.002
-35	130	0.002
-35	131	0
-35	132	0.001
-35	133	0
-35	134	0.002
-35	135	0
-35	136	0
-35	137	0.001
-35	138	0
-35	139	0
-35	140	0
-35	141	0.001
-35	142	0
-35	143	0
-35	144	0
-35	145	0.002
-35	146	0.001
-35	147	0
-35	148	0
-35	149	0
-35	150	0.001
-35	151	0
-35	152	0
-35	153	0
-35	154	0.001
-35	155	0.002
-35	156	0
-35	157	0
-35	158	0.001
-35	159	0
-35	160	0
-35	161	0.001
-35	162	0.001
-35	163	0.001
-35	164	0
-35	165	0.001
-35	166	0.001
-35	167	0
-35	168	0
-35	169	0.001
-35	170	0.001
-35	171	0
-35	172	0
-35	173	0
-35	174	0.002
-35	175	0.001
-35	176	0.002
-35	177	0
-35	178	0
-35	179	0
-35	180	0.002
-35	181	0.001
-35	182	0
-35	183	0.001
-35	184	0
-35	185	0
-35	186	0
-35	187	0
-35	188	0
-35	189	0.001
-35	190	0.001
-35	191	0.001
-35	192	0
-35	193	0
-35	194	0.003
-35	195	0
-35	196	0.002
-35	197	0.001
-35	198	0.003
-35	199	0.001
-35	200	0
-35	201	0
-35	202	0
-35	203	0.001
-35	204	0
-35	205	0
-35	206	0
-35	207	0.001
-35	208	0.001
-35	209	0
-35	210	0
-35	211	0
-35	212	0
-35	213	0.001
-35	214	0
-35	215	0.003
-35	216	0.001
-35	217	0.001
-35	218	0.001
-35	219	0.001
-35	220	0
-35	221	0
-35	222	0
-35	223	0
-35	224	0.001
-35	225	0
-35	226	0.002
-35	227	0
-35	228	0.002
-35	229	0
-35	230	0
-35	231	0
-35	232	0
-35	233	0
-35	234	0
-35	235	0
-35	236	0.001
-35	237	0
-35	238	0
-35	239	0
-35	240	0
-35	241	0
-35	242	0
-35	243	0.003
-35	244	0
-35	245	0
-35	246	0
-35	247	0
-35	248	0.001
-35	249	0.001
-35	250	0
-35	251	0
-35	252	0.001
-35	253	0
-35	254	0
-35	255	0
-35	256	0
-35	257	0.001
-35	258	0
-35	259	0
-35	260	0
-35	261	0
-35	262	0
-35	263	0
-35	264	0
-35	265	0
-35	266	0
-35	267	0
-35	268	0
-35	269	0.001
-35	270	0
-35	271	0
-35	272	0
-35	273	0
-35	274	0
-35	275	0
-35	276	0
-35	277	0
-35	278	0
-35	279	0
-35	280	0
-35	281	0
-35	282	0
-35	283	0
-35	284	0
-35	285	0
-35	286	0
-35	287	0
-35	288	0
-35	289	0
-35	290	0.001
-35	291	0
-35	292	0
-35	293	0
-35	294	0.001
-35	295	0
-35	296	0
-35	297	0
-35	298	0
-35	299	0
-35	300	0
-35	301	0.001
-35	302	0
-35	303	0
-35	304	0
-35	305	0
-35	306	0.001
-35	307	0.001
-35	308	0
-35	309	0.001
-35	310	0.001
-35	311	0
-35	312	0
-35	313	0.001
-35	314	0.001
-35	315	0.001
-35	316	0
-35	317	0
-35	318	0
-35	319	0.001
-35	320	0
-35	321	0
-35	322	0
-35	323	0
-35	324	0
-35	325	0
-35	326	0
-35	327	0
-35	328	0
-35	329	0
-35	330	0.001
-35	331	0
-35	332	0.001
-35	333	0
-35	334	0
-35	335	0
-35	336	0
-35	337	0.001
-35	338	0.001
-35	339	0.001
-35	340	0.001
-35	341	0
-35	342	0
-35	343	0
-35	344	0
-35	345	0
-35	346	0
-35	347	0.001
-35	348	0.001
-35	349	0
-35	350	0
-35	351	0.001
-35	352	0
-35	353	0
-35	354	0
-35	355	0
-35	356	0.001
-35	357	0.001
-35	358	0
-35	359	0.002
-30	0	0.001
-30	1	0
-30	2	0
-30	3	0
-30	4	0
-30	5	0.001
-30	6	0
-30	7	0
-30	8	0.002
-30	9	0
-30	10	0
-30	11	0
-30	12	0.001
-30	13	0
-30	14	0.002
-30	15	0
-30	16	0
-30	17	0.001
-30	18	0
-30	19	0
-30	20	0
-30	21	0
-30	22	0
-30	23	0.001
-30	24	0
-30	25	0
-30	26	0.001
-30	27	0
-30	28	0.001
-30	29	0
-30	30	0.001
-30	31	0
-30	32	0
-30	33	0.001
-30	34	0
-30	35	0.001
-30	36	0
-30	37	0
-30	38	0
-30	39	0
-30	40	0
-30	41	0
-30	42	0
-30	43	0
-30	44	0.001
-30	45	0
-30	46	0
-30	47	0
-30	48	0
-30	49	0.001
-30	50	0
-30	51	0
-30	52	0
-30	53	0
-30	54	0
-30	55	0
-30	56	0
-30	57	0
-30	58	0.001
-30	59	0
-30	60	0.001
-30	61	0
-30	62	0.001
-30	63	0
-30	64	0
-30	65	0
-30	66	0
-30	67	0
-30	68	0
-30	69	0
-30	70	0
-30	71	0
-30	72	0
-30	73	0
-30	74	0.001
-30	75	0
-30	76	0
-30	77	0
-30	78	0.001
-30	79	0
-30	80	0
-30	81	0
-30	82	0
-30	83	0.001
-30	84	0.002
-30	85	0.001
-30	86	0
-30	87	0.001
-30	88	0
-30	89	0
-30	90	0.001
-30	91	0.001
-30	92	0
-30	93	0.001
-30	94	0
-30	95	0
-30	96	0.002
-30	97	0
-30	98	0
-30	99	0.001
-30	100	0.002
-30	101	0
-30	102	0
-30	103	0.002
-30	104	0
-30	105	0
-30	106	0.002
-30	107	0
-30	108	0
-30	109	0.001
-30	110	0.001
-30	111	0
-30	112	0
-30	113	0
-30	114	0.002
-30	115	0
-30	116	0.001
-30	117	0.002
-30	118	0
-30	119	0.001
-30	120	0
-30	121	0.002
-30	122	0.003
-30	123	0
-30	124	0
-30	125	0.001
-30	126	0
-30	127	0
-30	128	0
-30	129	0
-30	130	0.001
-30	131	0.001
-30	132	0.001
-30	133	0
-30	134	0.003
-30	135	0
-30	136	0
-30	137	0
-30	138	0.001
-30	139	0
-30	140	0.001
-30	141	0
-30	142	0.002
-30	143	0
-30	144	0.001
-30	145	0.001
-30	146	0
-30	147	0.001
-30	148	0.001
-30	149	0
-30	150	0.001
-30	151	0.004
-30	152	0
-30	153	0
-30	154	0
-30	155	0.002
-30	156	0.002
-30	157	0
-30	158	0
-30	159	0.001
-30	160	0.001
-30	161	0
-30	162	0.001
-30	163	0.001
-30	164	0.001
-30	165	0.001
-30	166	0
-30	167	0
-30	168	0.001
-30	169	0.001
-30	170	0
-30	171	0
-30	172	0
-30	173	0
-30	174	0.001
-30	175	0
-30	176	0
-30	177	0
-30	178	0
-30	179	0.001
-30	180	0.003
-30	181	0.002
-30	182	0.001
-30	183	0
-30	184	0.001
-30	185	0.001
-30	186	0.002
-30	187	0.001
-30	188	0
-30	189	0.002
-30	190	0.004
-30	191	0.001
-30	192	0.001
-30	193	0
-30	194	0.002
-30	195	0
-30	196	0
-30	197	0
-30	198	0.002
-30	199	0.002
-30	200	0
-30	201	0
-30	202	0.002
-30	203	0
-30	204	0
-30	205	0
-30	206	0.002
-30	207	0.003
-30	208	0.001
-30	209	0
-30	210	0.001
-30	211	0
-30	212	0.001
-30	213	0
-30	214	0
-30	215	0.001
-30	216	0.001
-30	217	0
-30	218	0
-30	219	0.001
-30	220	0
-30	221	0.002
-30	222	0.002
-30	223	0.001
-30	224	0
-30	225	0.002
-30	226	0.002
-30	227	0
-30	228	0.001
-30	229	0
-30	230	0.001
-30	231	0
-30	232	0.002
-30	233	0
-30	234	0.002
-30	235	0
-30	236	0
-30	237	0.002
-30	238	0
-30	239	0
-30	240	0
-30	241	0.002
-30	242	0.001
-30	243	0.001
-30	244	0
-30	245	0.002
-30	246	0.001
-30	247	0.001
-30	248	0.002
-30	249	0.001
-30	250	0
-30	251	0
-30	252	0
-30	253	0.001
-30	254	0.001
-30	255	0
-30	256	0.001
-30	257	0
-30	258	0.002
-30	259	0
-30	260	0.001
-30	261	0
-30	262	0
-30	263	0
-30	264	0
-30	265	0
-30	266	0
-30	267	0
-30	268	0
-30	269	0.002
-30	270	0
-30	271	0
-30	272	0
-30	273	0
-30	274	0
-30	275	0
-30	276	0
-30	277	0.003
-30	278	0.002
-30	279	0.001
-30	280	0.002
-30	281	0
-30	282	0
-30	283	0.001
-30	284	0.001
-30	285	0
-30	286	0.001
-30	287	0
-30	288	0
-30	289	0
-30	290	0
-30	291	0
-30	292	0
-30	293	0
-30	294	0
-30	295	0
-30	296	0
-30	297	0
-30	298	0
-30	299	0
-30	300	0
-30	301	0
-30	302	0
-30	303	0
-30	304	0
-30	305	0
-30	306	0
-30	307	0
-30	308	0
-30	309	0
-30	310	0
-30	311	0
-30	312	0
-30	313	0
-30	314	0
-30	315	0
-30	316	0.001
-30	317	0
-30	318	0
-30	319	0.001
-30	320	0.001
-30	321	0
-30	322	0
-30	323	0
-30	324	0
-30	325	0
-30	326	0
-30	327	0.001
-30	328	0.001
-30	329	0
-30	330	0.001
-30	331	0
-30	332	0
-30	333	0
-30	334	0.001
-30	335	0
-30	336	0
-30	337	0
-30	338	0.001
-30	339	0.001
-30	340	0.001
-30	341	0
-30	342	0
-30	343	0
-30	344	0
-30	345	0
-30	346	0
-30	347	0.001
-30	348	0.001
-30	349	0.001
-30	350	0
-30	351	0
-30	352	0
-30	353	0.001
-30	354	0
-30	355	0
-30	356	0.001
-30	357	0.001
-30	358	0
-30	359	0
-25	0	0
-25	1	0
-25	2	0
-25	3	0
-25	4	0
-25	5	0
-25	6	0
-25	7	0
-25	8	0
-25	9	0
-25	10	0
-25	11	0
-25	12	0
-25	13	0
-25	14	0
-25	15	0
-25	16	0.001
-25	17	0
-25	18	0
-25	19	0
-25	20	0
-25	21	0
-25	22	0
-25	23	0
-25	24	0
-25	25	0
-25	26	0
-25	27	0
-25	28	0
-25	29	0
-25	30	0
-25	31	0
-25	32	0
-25	33	0
-25	34	0
-25	35	0
-25	36	0
-25	37	0
-25	38	0
-25	39	0
-25	40	0
-25	41	0
-25	42	0
-25	43	0
-25	44	0
-25	45	0
-25	46	0
-25	47	0.001
-25	48	0
-25	49	0.001
-25	50	0.001
-25	51	0.001
-25	52	0
-25	53	0
-25	54	0
-25	55	0
-25	56	0
-25	57	0.001
-25	58	0
-25	59	0
-25	60	0
-25	61	0
-25	62	0
-25	63	0
-25	64	0
-25	65	0
-25	66	0.001
-25	67	0.001
-25	68	0
-25	69	0
-25	70	0.001
-25	71	0.003
-25	72	0
-25	73	0.001
-25	74	0
-25	75	0
-25	76	0
-25	77	0.001
-25	78	0.001
-25	79	0.002
-25	80	0
-25	81	0.002
-25	82	0.001
-25	83	0.002
-25	84	0.002
-25	85	0
-25	86	0
-25	87	0.001
-25	88	0
-25	89	0
-25	90	0
-25	91	0.001
-25	92	0.003
-25	93	0.001
-25	94	0.002
-25	95	0
-25	96	0.001
-25	97	0
-25	98	0
-25	99	0.002
-25	100	0.001
-25	101	0.002
-25	102	0.001
-25	103	0.001
-25	104	0.001
-25	105	0.001
-25	106	0.001
-25	107	0.001
-25	108	0
-25	109	0.001
-25	110	0
-25	111	0.001
-25	112	0
-25	113	0.002
-25	114	0.001
-25	115	0.001
-25	116	0
-25	117	0.001
-25	118	0.001
-25	119	0
-25	120	0
-25	121	0
-25	122	0
-25	123	0
-25	124	0.001
-25	125	0.001
-25	126	0
-25	127	0
-25	128	0
-25	129	0.002
-25	130	0
-25	131	0.002
-25	132	0
-25	133	0.002
-25	134	0
-25	135	0.001
-25	136	0
-25	137	0.001
-25	138	0.001
-25	139	0.002
-25	140	0.002
-25	141	0.002
-25	142	0.002
-25	143	0.002
-25	144	0.001
-25	145	0.001
-25	146	0
-25	147	0.001
-25	148	0.001
-25	149	0.001
-25	150	0.002
-25	151	0.002
-25	152	0.001
-25	153	0.001
-25	154	0.003
-25	155	0.001
-25	156	0.001
-25	157	0.002
-25	158	0.002
-25	159	0.002
-25	160	0
-25	161	0.001
-25	162	0
-25	163	0.001
-25	164	0.003
-25	165	0
-25	166	0.004
-25	167	0
-25	168	0.001
-25	169	0.003
-25	170	0.001
-25	171	0.002
-25	172	0.001
-25	173	0.002
-25	174	0.003
-25	175	0.001
-25	176	0.002
-25	177	0.001
-25	178	0.004
-25	179	0.003
-25	180	0.001
-25	181	0.001
-25	182	0.004
-25	183	0.001
-25	184	0.001
-25	185	0.002
-25	186	0.001
-25	187	0.005
-25	188	0.003
-25	189	0
-25	190	0.001
-25	191	0
-25	192	0
-25	193	0.001
-25	194	0.001
-25	195	0.001
-25	196	0.001
-25	197	0.001
-25	198	0.001
-25	199	0.002
-25	200	0.001
-25	201	0
-25	202	0.001
-25	203	0.001
-25	204	0.001
-25	205	0.002
-25	206	0
-25	207	0
-25	208	0.002
-25	209	0.003
-25	210	0.002
-25	211	0.001
-25	212	0.001
-25	213	0.001
-25	214	0
-25	215	0.001
-25	216	0.001
-25	217	0.001
-25	218	0
-25	219	0
-25	220	0.002
-25	221	0
-25	222	0.003
-25	223	0.001
-25	224	0.002
-25	225	0.002
-25	226	0.001
-25	227	0.001
-25	228	0.001
-25	229	0
-25	230	0
-25	231	0
-25	232	0.002
-25	233	0.001
-25	234	0.001
-25	235	0
-25	236	0.001
-25	237	0.001
-25	238	0.001
-25	239	0.001
-25	240	0
-25	241	0
-25	242	0.002
-25	243	0.002
-25	244	0.002
-25	245	0.001
-25	246	0
-25	247	0
-25	248	0.002
-25	249	0
-25	250	0.003
-25	251	0.001
-25	252	0
-25	253	0
-25	254	0.001
-25	255	0.001
-25	256	0.001
-25	257	0.002
-25	258	0
-25	259	0
-25	260	0.001
-25	261	0
-25	262	0.001
-25	263	0
-25	264	0.001
-25	265	0.002
-25	266	0.001
-25	267	0
-25	268	0
-25	269	0
-25	270	0
-25	271	0
-25	272	0.001
-25	273	0
-25	274	0
-25	275	0
-25	276	0
-25	277	0.001
-25	278	0.001
-25	279	0.001
-25	280	0.001
-25	281	0.003
-25	282	0.002
-25	283	0.001
-25	284	0
-25	285	0.002
-25	286	0
-25	287	0.001
-25	288	0
-25	289	0
-25	290	0.001
-25	291	0
-25	292	0
-25	293	0
-25	294	0.001
-25	295	0.001
-25	296	0
-25	297	0
-25	298	0.001
-25	299	0
-25	300	0
-25	301	0.001
-25	302	0
-25	303	0
-25	304	0
-25	305	0
-25	306	0
-25	307	0.001
-25	308	0
-25	309	0.001
-25	310	0.001
-25	311	0
-25	312	0
-25	313	0
-25	314	0
-25	315	0
-25	316	0
-25	317	0
-25	318	0
-25	319	0
-25	320	0.001
-25	321	0.001
-25	322	0
-25	323	0
-25	324	0
-25	325	0
-25	326	0
-25	327	0
-25	328	0
-25	329	0
-25	330	0
-25	331	0
-25	332	0
-25	333	0
-25	334	0
-25	335	0
-25	336	0
-25	337	0
-25	338	0
-25	339	0
-25	340	0
-25	341	0
-25	342	0
-25	343	0
-25	344	0
-25	345	0
-25	346	0
-25	347	0.001
-25	348	0
-25	349	0
-25	350	0
-25	351	0
-25	352	0
-25	353	0
-25	354	0
-25	355	0
-25	356	0.001
-25	357	0
-25	358	0
-25	359	0
-20	0	0.001
-20	1	0
-20	2	0.002
-20	3	0
-20	4	0
-20	5	0
-20	6	0.001
-20	7	0
-20	8	0
-20	9	0.001
-20	10	0.001
-20	11	0.003
-20	12	0
-20	13	0.002
-20	14	0
-20	15	0
-20	16	0
-20	17	0.001
-20	18	0
-20	19	0
-20	20	0.001
-20	21	0
-20	22	0
-20	23	0.003
-20	24	0.001
-20	25	0
-20	26	0.001
-20	27	0
-20	28	0.001
-20	29	0.002
-20	30	0
-20	31	0
-20	32	0
-20	33	0.001
-20	34	0
-20	35	0.001
-20	36	0.001
-20	37	0.001
-20	38	0
-20	39	0
-20	40	0.001
-20	41	0
-20	42	0
-20	43	0
-20	44	0
-20	45	0.001
-20	46	0.002
-20	47	0
-20	48	0.001
-20	49	0
-20	50	0
-20	51	0
-20	52	0.001
-20	53	0.001
-20	54	0.001
-20	55	0.002
-20	56	0.002
-20	57	0
-20	58	0.001
-20	59	0
-20	60	0
-20	61	0.001
-20	62	0.001
-20	63	0.001
-20	64	0.002
-20	65	0.002
-20	66	0
-20	67	0.001
-20	68	0
-20	69	0
-20	70	0.001
-20	71	0
-20	72	0
-20	73	0
-20	74	0.003
-20	75	0.001
-20	76	0
-20	77	0.001
-20	78	0
-20	79	0.001
-20	80	0
-20	81	0.002
-20	82	0.002
-20	83	0.001
-20	84	0.001
-20	85	0.001
-20	86	0
-20	87	0.001
-20	88	0.001
-20	89	0
-20	90	0.002
-20	91	0
-20	92	0.003
-20	93	0
-20	94	0.002
-20	95	0
-20	96	0
-20	97	0.004
-20	98	0.001
-20	99	0.001
-20	100	0
-20	101	0
-20	102	0
-20	103	0.001
-20	104	0.004
-20	105	0.001
-20	106	0.001
-20	107	0
-20	108	0.003
-20	109	0.001
-20	110	0.003
-20	111	0.003
-20	112	0.002
-20	113	0.003
-20	114	0.002
-20	115	0.001
-20	116	0.003
-20	117	0.001
-20	118	0.003
-20	119	0.001
-20	120	0.001
-20	121	0
-20	122	0.001
-20	123	0.002
-20	124	0.003
-20	125	0
-20	126	0
-20	127	0.004
-20	128	0
-20	129	0.001
-20	130	0.002
-20	131	0
-20	132	0.004
-20	133	0.001
-20	134	0.002
-20	135	0.002
-20	136	0.001
-20	137	0.003
-20	138	0.003
-20	139	0.002
-20	140	0.004
-20	141	0.002
-20	142	0.002
-20	143	0.001
-20	144	0.001
-20	145	0.001
-20	146	0.001
-20	147	0.001
-20	148	0.002
-20	149	0.002
-20	150	0.003
-20	151	0
-20	152	0.003
-20	153	0.001
-20	154	0.002
-20	155	0.001
-20	156	0
-20	157	0
-20	158	0.004
-20	159	0.001
-20	160	0.002
-20	161	0.001
-20	162	0.001
-20	163	0
-20	164	0.005
-20	165	0.001
-20	166	0.003
-20	167	0.004
-20	168	0.002
-20	169	0.003
-20	170	0.001
-20	171	0.001
-20	172	0.004
-20	173	0.001
-20	174	0.004
-20	175	0.003
-20	176	0.001
-20	177	0.002
-20	178	0.003
-20	179	0.002
-20	180	0
-20	181	0
-20	182	0.001
-20	183	0.001
-20	184	0.002
-20	185	0
-20	186	0.001
-20	187	0
-20	188	0.002
-20	189	0.001
-20	190	0
-20	191	0.004
-20	192	0.003
-20	193	0
-20	194	0.001
-20	195	0.002
-20	196	0.001
-20	197	0.003
-20	198	0.003
-20	199	0.001
-20	200	0.004
-20	201	0.001
-20	202	0.001
-20	203	0.001
-20	204	0.003
-20	205	0.003
-20	206	0.002
-20	207	0.004
-20	208	0.005
-20	209	0.001
-20	210	0
-20	211	0.001
-20	212	0.001
-20	213	0.001
-20	214	0.001
-20	215	0.003
-20	216	0.001
-20	217	0.004
-20	218	0
-20	219	0.003
-20	220	0.003
-20	221	0.003
-20	222	0.002
-20	223	0.003
-20	224	0.002
-20	225	0
-20	226	0.002
-20	227	0
-20	228	0.002
-20	229	0.001
-20	230	0
-20	231	0.002
-20	232	0.003
-20	233	0.002
-20	234	0.001
-20	235	0.002
-20	236	0
-20	237	0
-20	238	0.001
-20	239	0.004
-20	240	0.001
-20	241	0.001
-20	242	0
-20	243	0.001
-20	244	0.001
-20	245	0.001
-20	246	0.001
-20	247	0.001
-20	248	0
-20	249	0
-20	250	0
-20	251	0
-20	252	0.003
-20	253	0.004
-20	254	0
-20	255	0.001
-20	256	0
-20	257	0.002
-20	258	0.001
-20	259	0
-20	260	0.003
-20	261	0.003
-20	262	0.001
-20	263	0
-20	264	0.001
-20	265	0.002
-20	266	0
-20	267	0
-20	268	0.001
-20	269	0.001
-20	270	0.001
-20	271	0.002
-20	272	0.002
-20	273	0
-20	274	0.002
-20	275	0
-20	276	0
-20	277	0.001
-20	278	0.002
-20	279	0.001
-20	280	0.001
-20	281	0
-20	282	0
-20	283	0
-20	284	0
-20	285	0
-20	286	0
-20	287	0.002
-20	288	0
-20	289	0
-20	290	0.001
-20	291	0.002
-20	292	0
-20	293	0
-20	294	0.002
-20	295	0.003
-20	296	0
-20	297	0.001
-20	298	0
-20	299	0.001
-20	300	0
-20	301	0.001
-20	302	0.002
-20	303	0.002
-20	304	0
-20	305	0.002
-20	306	0.002
-20	307	0.003
-20	308	0
-20	309	0.001
-20	310	0
-20	311	0
-20	312	0.001
-20	313	0.002
-20	314	0
-20	315	0
-20	316	0
-20	317	0.003
-20	318	0
-20	319	0.001
-20	320	0
-20	321	0.001
-20	322	0
-20	323	0
-20	324	0.002
-20	325	0
-20	326	0
-20	327	0
-20	328	0.001
-20	329	0.002
-20	330	0.001
-20	331	0
-20	332	0
-20	333	0.001
-20	334	0.001
-20	335	0
-20	336	0
-20	337	0
-20	338	0
-20	339	0
-20	340	0
-20	341	0.001
-20	342	0
-20	343	0
-20	344	0
-20	345	0
-20	346	0.001
-20	347	0.002
-20	348	0.001
-20	349	0.001
-20	350	0.002
-20	351	0
-20	352	0
-20	353	0
-20	354	0
-20	355	0
-20	356	0
-20	357	0
-20	358	0
-20	359	0
-15	0	0.001
-15	1	0.001
-15	2	0
-15	3	0.001
-15	4	0
-15	5	0.003
-15	6	0.003
-15	7	0
-15	8	0
-15	9	0.002
-15	10	0
-15	11	0.001
-15	12	0.001
-15	13	0.002
-15	14	0
-15	15	0
-15	16	0.001
-15	17	0.003
-15	18	0.001
-15	19	0.001
-15	20	0.002
-15	21	0.001
-15	22	0
-15	23	0.003
-15	24	0.001
-15	25	0.003
-15	26	0.003
-15	27	0.001
-15	28	0
-15	29	0
-15	30	0.001
-15	31	0.001
-15	32	0
-15	33	0.002
-15	34	0.001
-15	35	0.002
-15	36	0.001
-15	37	0
-15	38	0.003
-15	39	0.001
-15	40	0.001
-15	41	0
-15	42	0.001
-15	43	0
-15	44	0.001
-15	45	0.002
-15	46	0
-15	47	0
-15	48	0.002
-15	49	0.002
-15	50	0
-15	51	0.003
-15	52	0.001
-15	53	0
-15	54	0.001
-15	55	0.002
-15	56	0.001
-15	57	0.001
-15	58	0.001
-15	59	0.002
-15	60	0.001
-15	61	0
-15	62	0.002
-15	63	0.002
-15	64	0.003
-15	65	0.001
-15	66	0.002
-15	67	0.002
-15	68	0.002
-15	69	0.002
-15	70	0.001
-15	71	0.003
-15	72	0.001
-15	73	0.003
-15	74	0.003
-15	75	0.003
-15	76	0
-15	77	0.002
-15	78	0.001
-15	79	0.002
-15	80	0
-15	81	0.001
-15	82	0.001
-15	83	0.001
-15	84	0.001
-15	85	0.003
-15	86	0.002
-15	87	0
-15	88	0.003
-15	89	0.002
-15	90	0
-15	91	0.001
-15	92	0.001
-15	93	0
-15	94	0.002
-15	95	0.003
-15	96	0
-15	97	0.003
-15	98	0.003
-15	99	0
-15	100	0
-15	101	0.005
-15	102	0.001
-15	103	0
-15	104	0
-15	105	0.001
-15	106	0.001
-15	107	0.003
-15	108	0.003
-15	109	0.002
-15	110	0.002
-15	111	0.003
-15	112	0.002
-15	113	0.002
-15	114	0.004
-15	115	0.002
-15	116	0
-15	117	0.001
-15	118	0.004
-15	119	0.004
-15	120	0.003
-15	121	0
-15	122	0.003
-15	123	0.001
-15	124	0.002
-15	125	0.002
-15	126	0.002
-15	127	0.002
-15	128	0.001
-15	129	0.004
-15	130	0.003
-15	131	0.004
-15	132	0.004
-15	133	0
-15	134	0.001
-15	135	0.003
-15	136	0
-15	137	0.004
-15	138	0.003
-15	139	0.002
-15	140	0.002
-15	141	0.002
-15	142	0.002
-15	143	0.001
-15	144	0.002
-15	145	0.001
-15	146	0.002
-15	147	0.004
-15	148	0
-15	149	0.003
-15	150	0.001
-15	151	0.003
-15	152	0.002
-15	153	0.004
-15	154	0.002
-15	155	0.003
-15	156	0.001
-15	157	0.004
-15	158	0.001
-15	159	0
-15	160	0.002
-15	161	0.001
-15	162	0.003
-15	163	0.002
-15	164	0.002
-15	165	0.001
-15	166	0.001
-15	167	0.002
-15	168	0.001
-15	169	0.002
-15	170	0.001
-15	171	0.002
-15	172	0.001
-15	173	0.003
-15	174	0.003
-15	175	0.004
-15	176	0.004
-15	177	0.002
-15	178	0.007
-15	179	0.005
-15	180	0.004
-15	181	0.002
-15	182	0.001
-15	183	0.001
-15	184	0.002
-15	185	0.004
-15	186	0.004
-15	187	0
-15	188	0.001
-15	189	0.003
-15	190	0.004
-15	191	0
-15	192	0.004
-15	193	0.002
-15	194	0.004
-15	195	0.001
-15	196	0.001
-15	197	0.002
-15	198	0.002
-15	199	0.004
-15	200	0.004
-15	201	0.003
-15	202	0.003
-15	203	0
-15	204	0.001
-15	205	0.001
-15	206	0.002
-15	207	0.002
-15	208	0.005
-15	209	0.001
-15	210	0.004
-15	211	0.005
-15	212	0.002
-15	213	0.001
-15	214	0.003
-15	215	0
-15	216	0
-15	217	0.003
-15	218	0.002
-15	219	0.001
-15	220	0.003
-15	221	0
-15	222	0.002
-15	223	0.004
-15	224	0.001
-15	225	0.002
-15	226	0.002
-15	227	0.002
-15	228	0.001
-15	229	0.002
-15	230	0.002
-15	231	0.005
-15	232	0.002
-15	233	0.002
-15	234	0.002
-15	235	0.002
-15	236	0.002
-15	237	0.002
-15	238	0.004
-15	239	0.002
-15	240	0.003
-15	241	0.003
-15	242	0.001
-15	243	0.001
-15	244	0.002
-15	245	0.003
-15	246	0
-15	247	0.002
-15	248	0.002
-15	249	0.001
-15	250	0.003
-15	251	0.001
-15	252	0.003
-15	253	0.002
-15	254	0.002
-15	255	0.004
-15	256	0.001
-15	257	0.002
-15	258	0.003
-15	259	0.002
-15	260	0
-15	261	0.002
-15	262	0
-15	263	0.001
-15	264	0
-15	265	0.001
-15	266	0
-15	267	0.002
-15	268	0.002
-15	269	0.001
-15	270	0
-15	271	0.003
-15	272	0.001
-15	273	0.005
-15	274	0.002
-15	275	0
-15	276	0.004
-15	277	0
-15	278	0.002
-15	279	0.003
-15	280	0.001
-15	281	0.004
-15	282	0.002
-15	283	0.002
-15	284	0.002
-15	285	0.001
-15	286	0
-15	287	0.001
-15	288	0.002
-15	289	0.001
-15	290	0.003
-15	291	0
-15	292	0.003
-15	293	0.002
-15	294	0
-15	295	0.003
-15	296	0.001
-15	297	0.002
-15	298	0.002
-15	299	0.001
-15	300	0.002
-15	301	0.001
-15	302	0
-15	303	0.001
-15	304	0.002
-15	305	0
-15	306	0.001
-15	307	0.001
-15	308	0.001
-15	309	0.001
-15	310	0
-15	311	0.002
-15	312	0
-15	313	0.002
-15	314	0.001
-15	315	0.003
-15	316	0.001
-15	317	0.001
-15	318	0.003
-15	319	0.001
-15	320	0.002
-15	321	0.001
-15	322	0
-15	323	0.003
-15	324	0
-15	325	0
-15	326	0.001
-15	327	0
-15	328	0.002
-15	329	0.001
-15	330	0
-15	331	0.003
-15	332	0.003
-15	333	0.003
-15	334	0.001
-15	335	0.001
-15	336	0
-15	337	0
-15	338	0.002
-15	339	0.001
-15	340	0.001
-15	341	0.001
-15	342	0
-15	343	0.002
-15	344	0.001
-15	345	0.002
-15	346	0.002
-15	347	0
-15	348	0.001
-15	349	0.001
-15	350	0
-15	351	0.002
-15	352	0
-15	353	0.003
-15	354	0.002
-15	355	0.001
-15	356	0.001
-15	357	0
-15	358	0.002
-15	359	0.004
-10	0	0.001
-10	1	0.003
-10	2	0.002
-10	3	0
-10	4	0.004
-10	5	0.001
-10	6	0.004
-10	7	0.003
-10	8	0.001
-10	9	0.001
-10	10	0.002
-10	11	0.001
-10	12	0
-10	13	0
-10	14	0.001
-10	15	0.004
-10	16	0.002
-10	17	0.001
-10	18	0.002
-10	19	0.002
-10	20	0
-10	21	0.001
-10	22	0.001
-10	23	0.002
-10	24	0.001
-10	25	0
-10	26	0.001
-10	27	0.002
-10	28	0.002
-10	29	0.001
-10	30	0.003
-10	31	0.002
-10	32	0.002
-10	33	0.004
-10	34	0.001
-10	35	0.003
-10	36	0
-10	37	0.001
-10	38	0.001
-10	39	0.003
-10	40	0.003
-10	41	0.001
-10	42	0.001
-10	43	0.003
-10	44	0.002
-10	45	0.003
-10	46	0.004
-10	47	0.003
-10	48	0.001
-10	49	0.003
-10	50	0.002
-10	51	0.002
-10	52	0.002
-10	53	0.001
-10	54	0.002
-10	55	0.001
-10	56	0.003
-10	57	0.003
-10	58	0.001
-10	59	0.003
-10	60	0.002
-10	61	0.001
-10	62	0.002
-10	63	0.003
-10	64	0.001
-10	65	0.002
-10	66	0.001
-10	67	0.005
-10	68	0.002
-10	69	0.003
-10	70	0
-10	71	0.002
-10	72	0.002
-10	73	0.002
-10	74	0.003
-10	75	0.004
-10	76	0.002
-10	77	0.005
-10	78	0
-10	79	0.001
-10	80	0.006
-10	81	0.001
-10	82	0.002
-10	83	0.003
-10	84	0
-10	85	0.001
-10	86	0.001
-10	87	0
-10	88	0.003
-10	89	0.002
-10	90	0.002
-10	91	0.001
-10	92	0.001
-10	93	0.002
-10	94	0.005
-10	95	0.005
-10	96	0.003
-10	97	0.001
-10	98	0.004
-10	99	0
-10	100	0.009
-10	101	0.006
-10	102	0.005
-10	103	0.002
-10	104	0.004
-10	105	0.004
-10	106	0.003
-10	107	0.007
-10	108	0.007
-10	109	0.002
-10	110	0.001
-10	111	0.001
-10	112	0.004
-10	113	0.001
-10	114	0.002
-10	115	0.004
-10	116	0.001
-10	117	0
-10	118	0.001
-10	119	0.003
-10	120	0.001
-10	121	0.003
-10	122	0.001
-10	123	0.002
-10	124	0.005
-10	125	0.002
-10	126	0.004
-10	127	0.004
-10	128	0.004
-10	129	0.003
-10	130	0
-10	131	0.002
-10	132	0.003
-10	133	0.001
-10	134	0.001
-10	135	0.004
-10	136	0.001
-10	137	0.004
-10	138	0.002
-10	139	0.006
-10	140	0.005
-10	141	0.001
-10	142	0.004
-10	143	0.004
-10	144	0.002
-10	145	0.002
-10	146	0
-10	147	0.004
-10	148	0.004
-10	149	0.004
-10	150	0.003
-10	151	0.003
-10	152	0.003
-10	153	0.003
-10	154	0.002
-10	155	0.001
-10	156	0.004
-10	157	0.006
-10	158	0.003
-10	159	0.003
-10	160	0.002
-10	161	0.004
-10	162	0.001
-10	163	0.002
-10	164	0.002
-10	165	0.003
-10	166	0
-10	167	0.002
-10	168	0.003
-10	169	0.001
-10	170	0.001
-10	171	0.003
-10	172	0.004
-10	173	0.004
-10	174	0.003
-10	175	0.004
-10	176	0.001
-10	177	0.002
-10	178	0.005
-10	179	0.001
-10	180	0.005
-10	181	0
-10	182	0.002
-10	183	0.003
-10	184	0.003
-10	185	0.005
-10	186	0.003
-10	187	0.003
-10	188	0.003
-10	189	0.003
-10	190	0.002
-10	191	0.003
-10	192	0.001
-10	193	0.001
-10	194	0.001
-10	195	0.002
-10	196	0.001
-10	197	0.002
-10	198	0.003
-10	199	0.005
-10	200	0.001
-10	201	0
-10	202	0.001
-10	203	0.003
-10	204	0
-10	205	0.004
-10	206	0.004
-10	207	0.005
-10	208	0.004
-10	209	0.003
-10	210	0
-10	211	0.004
-10	212	0.002
-10	213	0.004
-10	214	0.001
-10	215	0.003
-10	216	0
-10	217	0.001
-10	218	0
-10	219	0.002
-10	220	0.002
-10	221	0.003
-10	222	0.002
-10	223	0.001
-10	224	0.002
-10	225	0.003
-10	226	0.003
-10	227	0
-10	228	0.002
-10	229	0.005
-10	230	0.002
-10	231	0.001
-10	232	0.003
-10	233	0.002
-10	234	0.002
-10	235	0.002
-10	236	0.001
-10	237	0.005
-10	238	0.002
-10	239	0.002
-10	240	0
-10	241	0.002
-10	242	0.001
-10	243	0.003
-10	244	0
-10	245	0.002
-10	246	0.003
-10	247	0.003
-10	248	0.006
-10	249	0.004
-10	250	0.003
-10	251	0.001
-10	252	0.001
-10	253	0.003
-10	254	0.001
-10	255	0.001
-10	256	0.002
-10	257	0.001
-10	258	0.003
-10	259	0.001
-10	260	0.002
-10	261	0.002
-10	262	0.003
-10	263	0.001
-10	264	0
-10	265	0.003
-10	266	0.002
-10	267	0
-10	268	0.003
-10	269	0
-10	270	0.003
-10	271	0.003
-10	272	0.004
-10	273	0
-10	274	0.001
-10	275	0.003
-10	276	0.002
-10	277	0.003
-10	278	0.001
-10	279	0.005
-10	280	0.003
-10	281	0.001
-10	282	0.004
-10	283	0.006
-10	284	0.006
-10	285	0.005
-10	286	0
-10	287	0.005
-10	288	0.001
-10	289	0.001
-10	290	0
-10	291	0
-10	292	0.005
-10	293	0.002
-10	294	0.002
-10	295	0.002
-10	296	0.003
-10	297	0.003
-10	298	0.001
-10	299	0.003
-10	300	0.001
-10	301	0.003
-10	302	0.004
-10	303	0.002
-10	304	0.002
-10	305	0.001
-10	306	0.001
-10	307	0
-10	308	0.005
-10	309	0
-10	310	0.001
-10	311	0.002
-10	312	0.001
-10	313	0.002
-10	314	0.002
-10	315	0.002
-10	316	0
-10	317	0.002
-10	318	0.004
-10	319	0.002
-10	320	0
-10	321	0.001
-10	322	0.003
-10	323	0
-10	324	0.003
-10	325	0.001
-10	326	0.001
-10	327	0
-10	328	0.001
-10	329	0.001
-10	330	0.001
-10	331	0.002
-10	332	0.001
-10	333	0.001
-10	334	0.001
-10	335	0.002
-10	336	0.005
-10	337	0.003
-10	338	0.003
-10	339	0.002
-10	340	0.003
-10	341	0.005
-10	342	0.003
-10	343	0
-10	344	0.002
-10	345	0.002
-10	346	0
-10	347	0
-10	348	0.001
-10	349	0.001
-10	350	0
-10	351	0.003
-10	352	0.001
-10	353	0
-10	354	0
-10	355	0.003
-10	356	0.001
-10	357	0.001
-10	358	0.002
-10	359	0.001
-5	0	0.005
-5	1	0.005
-5	2	0
-5	3	0.003
-5	4	0.001
-5	5	0.002
-5	6	0.002
-5	7	0.004
-5	8	0.005
-5	9	0.008
-5	10	0.002
-5	11	0.002
-5	12	0.003
-5	13	0.005
-5	14	0.002
-5	15	0.001
-5	16	0.002
-5	17	0.004
-5	18	0.003
-5	19	0.003
-5	20	0.003
-5	21	0.001
-5	22	0.005
-5	23	0.002
-5	24	0.002
-5	25	0.001
-5	26	0.004
-5	27	0.003
-5	28	0.001
-5	29	0.003
-5	30	0.001
-5	31	0.001
-5	32	0.002
-5	33	0.006
-5	34	0.004
-5	35	0.003
-5	36	0
-5	37	0.002
-5	38	0.001
-5	39	0.002
-5	40	0.001
-5	41	0.003
-5	42	0.001
-5	43	0
-5	44	0.003
-5	45	0.002
-5	46	0.003
-5	47	0.002
-5	48	0.003
-5	49	0.004
-5	50	0.004
-5	51	0.006
-5	52	0
-5	53	0.005
-5	54	0.001
-5	55	0.002
-5	56	0.002
-5	57	0.001
-5	58	0.004
-5	59	0.003
-5	60	0.005
-5	61	0.001
-5	62	0.002
-5	63	0.003
-5	64	0.002
-5	65	0.003
-5	66	0.001
-5	67	0.004
-5	68	0.003
-5	69	0.001
-5	70	0.003
-5	71	0.003
-5	72	0.001
-5	73	0
-5	74	0.002
-5	75	0
-5	76	0.001
-5	77	0.003
-5	78	0.006
-5	79	0.002
-5	80	0
-5	81	0.003
-5	82	0.001
-5	83	0.002
-5	84	0.003
-5	85	0.005
-5	86	0.004
-5	87	0.004
-5	88	0
-5	89	0.002
-5	90	0.002
-5	91	0
-5	92	0.008
-5	93	0.003
-5	94	0.001
-5	95	0.003
-5	96	0.001
-5	97	0.002
-5	98	0.002
-5	99	0.003
-5	100	0.001
-5	101	0.002
-5	102	0.002
-5	103	0.006
-5	104	0.009
-5	105	0.004
-5	106	0.001
-5	107	0.002
-5	108	0.002
-5	109	0.002
-5	110	0.002
-5	111	0.005
-5	112	0.002
-5	113	0.008
-5	114	0.001
-5	115	0.003
-5	116	0.003
-5	117	0.003
-5	118	0.002
-5	119	0.004
-5	120	0.003
-5	121	0.001
-5	122	0.004
-5	123	0.002
-5	124	0
-5	125	0.004
-5	126	0.002
-5	127	0.001
-5	128	0.001
-5	129	0.002
-5	130	0.003
-5	131	0
-5	132	0
-5	133	0.002
-5	134	0
-5	135	0.002
-5	136	0
-5	137	0.003
-5	138	0.002
-5	139	0.001
-5	140	0.003
-5	141	0.001
-5	142	0.003
-5	143	0.003
-5	144	0.003
-5	145	0.002
-5	146	0.007
-5	147	0.002
-5	148	0.001
-5	149	0.001
-5	150	0.005
-5	151	0.002
-5	152	0.006
-5	153	0.003
-5	154	0.001
-5	155	0.003
-5	156	0.003
-5	157	0.003
-5	158	0.004
-5	159	0.002
-5	160	0.002
-5	161	0.002
-5	162	0.004
-5	163	0.002
-5	164	0.003
-5	165	0
-5	166	0.005
-5	167	0.001
-5	168	0.001
-5	169	0
-5	170	0.004
-5	171	0.004
-5	172	0.003
-5	173	0.004
-5	174	0.003
-5	175	0.003
-5	176	0.003
-5	177	0.002
-5	178	0.005
-5	179	0.005
-5	180	0.008
-5	181	0.002
-5	182	0.004
-5	183	0.004
-5	184	0.002
-5	185	0.003
-5	186	0.002
-5	187	0.005
-5	188	0.003
-5	189	0.005
-5	190	0.003
-5	191	0.001
-5	192	0
-5	193	0.001
-5	194	0.002
-5	195	0.003
-5	196	0
-5	197	0.004
-5	198	0.003
-5	199	0.002
-5	200	0.001
-5	201	0.001
-5	202	0.003
-5	203	0.003
-5	204	0.002
-5	205	0.001
-5	206	0.004
-5	207	0.005
-5	208	0.003
-5	209	0.004
-5	210	0.002
-5	211	0.003
-5	212	0.004
-5	213	0.004
-5	214	0.003
-5	215	0
-5	216	0.002
-5	217	0.006
-5	218	0.005
-5	219	0.003
-5	220	0.003
-5	221	0.003
-5	222	0.002
-5	223	0.006
-5	224	0.002
-5	225	0.001
-5	226	0.001
-5	227	0.003
-5	228	0.002
-5	229	0.006
-5	230	0.003
-5	231	0.004
-5	232	0.002
-5	233	0.004
-5	234	0.007
-5	235	0.004
-5	236	0.004
-5	237	0.002
-5	238	0.003
-5	239	0.002
-5	240	0.002
-5	241	0.007
-5	242	0.001
-5	243	0.002
-5	244	0.001
-5	245	0.004
-5	246	0.007
-5	247	0.006
-5	248	0.001
-5	249	0.003
-5	250	0.002
-5	251	0
-5	252	0.001
-5	253	0.003
-5	254	0.005
-5	255	0.001
-5	256	0
-5	257	0.005
-5	258	0.004
-5	259	0.002
-5	260	0.003
-5	261	0.004
-5	262	0.001
-5	263	0.002
-5	264	0
-5	265	0.001
-5	266	0.003
-5	267	0.005
-5	268	0.003
-5	269	0.004
-5	270	0.004
-5	271	0.005
-5	272	0.004
-5	273	0.004
-5	274	0.005
-5	275	0.001
-5	276	0.002
-5	277	0.005
-5	278	0.003
-5	279	0.003
-5	280	0.003
-5	281	0.002
-5	282	0
-5	283	0.005
-5	284	0.004
-5	285	0.002
-5	286	0.002
-5	287	0.004
-5	288	0.002
-5	289	0.003
-5	290	0.002
-5	291	0
-5	292	0.002
-5	293	0.003
-5	294	0.003
-5	295	0.001
-5	296	0.002
-5	297	0.001
-5	298	0.004
-5	299	0.002
-5	300	0.004
-5	301	0.005
-5	302	0.003
-5	303	0.002
-5	304	0.002
-5	305	0.002
-5	306	0.002
-5	307	0.002
-5	308	0.002
-5	309	0.002
-5	310	0.002
-5	311	0.002
-5	312	0.001
-5	313	0
-5	314	0.003
-5	315	0.002
-5	316	0.001
-5	317	0.005
-5	318	0.002
-5	319	0.001
-5	320	0.004
-5	321	0.002
-5	322	0.003
-5	323	0.002
-5	324	0.002
-5	325	0.002
-5	326	0.004
-5	327	0.005
-5	328	0.002
-5	329	0.003
-5	330	0.001
-5	331	0.004
-5	332	0.005
-5	333	0.004
-5	334	0.002
-5	335	0.002
-5	336	0.001
-5	337	0.004
-5	338	0.002
-5	339	0.003
-5	340	0
-5	341	0.006
-5	342	0.001
-5	343	0.002
-5	344	0.001
-5	345	0.001
-5	346	0.004
-5	347	0.003
-5	348	0.002
-5	349	0.002
-5	350	0.002
-5	351	0.004
-5	352	0.002
-5	353	0
-5	354	0.002
-5	355	0.002
-5	356	0.002
-5	357	0.001
-5	358	0.007
-5	359	0.002
0	0	0.003
0	1	0.001
0	2	0.002
0	3	0.003
0	4	0.004
0	5	0.004
0	6	0.001
0	7	0.006
0	8	0.002
0	9	0.004
0	10	0.003
0	11	0.001
0	12	0.002
0	13	0.005
0	14	0.002
0	15	0.005
0	16	0.001
0	17	0.002
0	18	0.003
0	19	0.004
0	20	0.006
0	21	0.003
0	22	0.003
0	23	0.001
0	24	0.003
0	25	0
0	26	0.002
0	27	0.005
0	28	0.002
0	29	0
0	30	0.001
0	31	0.002
0	32	0.004
0	33	0.003
0	34	0.002
0	35	0.001
0	36	0
0	37	0.001
0	38	0.003
0	39	0.002
0	40	0.003
0	41	0.003
0	42	0.007
0	43	0.003
0	44	0.003
0	45	0.002
0	46	0.004
0	47	0.002
0	48	0.003
0	49	0.004
0	50	0.003
0	51	0.002
0	52	0.003
0	53	0.003
0	54	0.004
0	55	0.002
0	56	0.003
0	57	0.005
0	58	0.002
0	59	0
0	60	0.004
0	61	0.001
0	62	0.003
0	63	0.005
0	64	0.003
0	65	0.003
0	66	0.003
0	67	0.001
0	68	0.007
0	69	0.002
0	70	0.002
0	71	0
0	72	0.003
0	73	0.002
0	74	0.002
0	75	0.002
0	76	0.004
0	77	0.002
0	78	0.003
0	79	0.003
0	80	0.006
0	81	0.002
0	82	0.004
0	83	0
0	84	0.004
0	85	0.004
0	86	0.003
0	87	0.004
0	88	0.006
0	89	0.005
0	90	0.003
0	91	0.001
0	92	0.001
0	93	0.003
0	94	0.003
0	95	0.003
0	96	0.003
0	97	0.002
0	98	0.003
0	99	0.003
0	100	0.002
0	101	0
0	102	0.002
0	103	0.001
0	104	0.001
0	105	0.004
0	106	0.002
0	107	0.001
0	108	0.001
0	109	0.004
0	110	0.004
0	111	0
0	112	0.004
0	113	0.003
0	114	0.001
0	115	0.002
0	116	0.001
0	117	0.001
0	118	0.001
0	119	0.003
0	120	0.005
0	121	0.002
0	122	0.003
0	123	0.004
0	124	0.004
0	125	0.005
0	126	0.002
0	127	0.003
0	128	0.001
0	129	0.004
0	130	0.003
0	131	0.001
0	132	0.002
0	133	0.002
0	134	0.001
0	135	0.001
0	136	0.006
0	137	0.002
0	138	0.003
0	139	0.001
0	140	0.001
0	141	0.005
0	142	0.006
0	143	0.003
0	144	0.004
0	145	0.008
0	146	0.001
0	147	0.003
0	148	0.003
0	149	0.006
0	150	0.003
0	151	0.002
0	152	0.003
0	153	0.003
0	154	0.002
0	155	0.003
0	156	0.001
0	157	0.004
0	158	0.003
0	159	0.003
0	160	0.002
0	161	0.002
0	162	0.003
0	163	0.003
0	164	0.001
0	165	0.003
0	166	0.003
0	167	0.006
0	168	0.002
0	169	0.002
0	170	0.002
0	171	0.002
0	172	0.003
0	173	0.002
0	174	0.003
0	175	0.005
0	176	0.002
0	177	0.002
0	178	0.001
0	179	0
0	180	0.004
0	181	0.003
0	182	0.001
0	183	0.004
0	184	0.001
0	185	0.005
0	186	0
0	187	0.001
0	188	0.004
0	189	0.005
0	190	0.004
0	191	0.002
0	192	0.004
0	193	0.002
0	194	0.003
0	195	0.002
0	196	0.002
0	197	0.003
0	198	0.003
0	199	0.002
0	200	0
0	201	0.004
0	202	0.006
0	203	0.002
0	204	0.005
0	205	0.004
0	206	0.003
0	207	0.001
0	208	0
0	209	0.005
0	210	0.001
0	211	0.003
0	212	0.003
0	213	0.005
0	214	0.002
0	215	0.004
0	216	0.002
0	217	0.001
0	218	0.005
0	219	0.002
0	220	0.003
0	221	0.002
0	222	0.002
0	223	0.003
0	224	0.002
0	225	0.004
0	226	0.005
0	227	0.007
0	228	0.002
0	229	0.006
0	230	0
0	231	0.001
0	232	0.004
0	233	0.005
0	234	0.005
0	235	0.004
0	236	0.002
0	237	0.002
0	238	0.005
0	239	0.002
0	240	0.002
0	241	0.004
0	242	0.004
0	243	0.002
0	244	0.001
0	245	0.003
0	246	0.001
0	247	0.002
0	248	0.004
0	249	0.002
0	250	0.007
0	251	0
0	252	0.001
0	253	0.003
0	254	0.007
0	255	0.003
0	256	0.001
0	257	0.001
0	258	0.003
0	259	0.006
0	260	0.004
0	261	0.003
0	262	0.001
0	263	0.001
0	264	0.003
0	265	0.003
0	266	0
0	267	0.003
0	268	0.001
0	269	0.002
0	270	0.003
0	271	0.004
0	272	0.003
0	273	0.005
0	274	0.003
0	275	0.004
0	276	0.002
0	277	0.001
0	278	0.003
0	279	0.003
0	280	0.001
0	281	0.003
0	282	0.001
0	283	0.002
0	284	0.001
0	285	0.003
0	286	0
0	287	0.009
0	288	0.002
0	289	0.001
0	290	0.004
0	291	0.002
0	292	0.002
0	293	0.006
0	294	0.002
0	295	0.003
0	296	0.001
0	297	0.003
0	298	0.005
0	299	0.002
0	300	0.002
0	301	0.005
0	302	0.001
0	303	0.005
0	304	0.005
0	305	0.001
0	306	0.002
0	307	0.001
0	308	0.001
0	309	0.003
0	310	0.002
0	311	0.001
0	312	0.003
0	313	0.002
0	314	0
0	315	0.004
0	316	0.003
0	317	0.006
0	318	0.002
0	319	0.004
0	320	0.003
0	321	0.004
0	322	0
0	323	0.003
0	324	0
0	325	0.003
0	326	0.004
0	327	0.003
0	328	0.001
0	329	0.003
0	330	0.001
0	331	0.001
0	332	0.005
0	333	0.002
0	334	0.001
0	335	0.003
0	336	0.004
0	337	0.001
0	338	0.002
0	339	0.001
0	340	0.005
0	341	0.003
0	342	0.002
0	343	0.003
0	344	0.004
0	345	0.004
0	346	0.001
0	347	0.005
0	348	0.003
0	349	0.004
0	350	0.001
0	351	0.002
0	352	0.005
0	353	0.004
0	354	0.005
0	355	0.001
0	356	0.001
0	357	0.001
0	358	0.003
0	359	0.003
5	0	0.005
5	1	0.001
5	2	0.003
5	3	0
5	4	0.006
5	5	0.004
5	6	0.001
5	7	0.003
5	8	0.001
5	9	0.001
5	10	0.005
5	11	0
5	12	0.003
5	13	0.004
5	14	0.001
5	15	0.002
5	16	0.002
5	17	0.005
5	18	0.001
5	19	0
5	20	0.002
5	21	0.003
5	22	0.001
5	23	0.004
5	24	0.004
5	25	0.004
5	26	0.004
5	27	0.004
5	28	0.004
5	29	0.004
5	30	0.006
5	31	0.004
5	32	0.005
5	33	0.002
5	34	0.003
5	35	0.005
5	36	0.004
5	37	0.003
5	38	0.003
5	39	0.001
5	40	0.005
5	41	0.002
5	42	0.003
5	43	0.001
5	44	0.006
5	45	0.007
5	46	0.002
5	47	0.002
5	48	0.004
5	49	0.002
5	50	0.001
5	51	0.005
5	52	0.006
5	53	0.003
5	54	0.002
5	55	0.002
5	56	0.003
5	57	0.002
5	58	0.003
5	59	0.002
5	60	0.002
5	61	0.002
5	62	0
5	63	0.005
5	64	0.001
5	65	0.004
5	66	0.004
5	67	0.008
5	68	0.004
5	69	0.003
5	70	0.002
5	71	0.003
5	72	0.002
5	73	0.001
5	74	0.005
5	75	0.004
5	76	0.002
5	77	0.002
5	78	0.002
5	79	0.002
5	80	0.001
5	81	0.003
5	82	0.003
5	83	0.003
5	84	0.003
5	85	0.003
5	86	0.002
5	87	0.002
5	88	0.002
5	89	0.005
5	90	0.002
5	91	0.003
5	92	0.003
5	93	0.003
5	94	0.001
5	95	0.004
5	96	0.002
5	97	0.004
5	98	0.004
5	99	0.005
5	100	0.005
5	101	0.001
5	102	0.001
5	103	0.002
5	104	0.003
5	105	0.003
5	106	0.002
5	107	0.004
5	108	0.002
5	109	0.003
5	110	0.001
5	111	0.004
5	112	0.004
5	113	0.003
5	114	0.003
5	115	0.003
5	116	0.003
5	117	0.004
5	118	0.004
5	119	0.001
5	120	0.004
5	121	0.003
5	122	0.002
5	123	0.002
5	124	0.005
5	125	0
5	126	0
5	127	0.006
5	128	0
5	129	0.004
5	130	0.003
5	131	0.004
5	132	0.005
5	133	0.004
5	134	0.003
5	135	0.001
5	136	0.002
5	137	0.001
5	138	0.005
5	139	0.002
5	140	0.001
5	141	0.003
5	142	0.002
5	143	0.005
5	144	0.005
5	145	0.003
5	146	0.001
5	147	0.002
5	148	0
5	149	0
5	150	0.004
5	151	0.002
5	152	0.001
5	153	0.004
5	154	0.003
5	155	0.002
5	156	0.002
5	157	0
5	158	0.002
5	159	0.003
5	160	0.001
5	161	0.003
5	162	0.003
5	163	0.002
5	164	0.002
5	165	0.005
5	166	0.001
5	167	0.001
5	168	0.004
5	169	0.001
5	170	0.002
5	171	0.002
5	172	0.005
5	173	0
5	174	0.001
5	175	0.001
5	176	0.001
5	177	0.002
5	178	0.001
5	179	0.003
5	180	0.001
5	181	0
5	182	0.001
5	183	0.004
5	184	0.001
5	185	0.002
5	186	0.002
5	187	0.01
5	188	0.002
5	189	0.001
5	190	0.002
5	191	0.001
5	192	0.001
5	193	0.002
5	194	0.003
5	195	0.002
5	196	0.002
5	197	0.004
5	198	0.004
5	199	0.002
5	200	0.004
5	201	0.001
5	202	0.003
5	203	0.006
5	204	0.002
5	205	0
5	206	0.002
5	207	0.002
5	208	0.006
5	209	0.002
5	210	0.002
5	211	0.001
5	212	0.003
5	213	0.002
5	214	0
5	215	0.005
5	216	0.002
5	217	0.005
5	218	0.003
5	219	0.003
5	220	0.003
5	221	0.002
5	222	0
5	223	0.004
5	224	0.005
5	225	0.001
5	226	0.001
5	227	0.001
5	228	0.003
5	229	0.002
5	230	0.007
5	231	0.001
5	232	0.002
5	233	0.005
5	234	0.003
5	235	0.003
5	236	0.001
5	237	0.002
5	238	0.002
5	239	0.001
5	240	0.001
5	241	0.003
5	242	0.005
5	243	0
5	244	0.003
5	245	0.003
5	246	0
5	247	0.001
5	248	0.003
5	249	0.004
5	250	0.002
5	251	0.006
5	252	0.003
5	253	0.002
5	254	0
5	255	0.003
5	256	0.001
5	257	0
5	258	0.003
5	259	0.002
5	260	0.003
5	261	0.001
5	262	0.001
5	263	0.003
5	264	0.002
5	265	0.006
5	266	0.001
5	267	0.002
5	268	0.004
5	269	0.002
5	270	0.003
5	271	0.003
5	272	0.001
5	273	0.003
5	274	0
5	275	0.003
5	276	0.002
5	277	0.005
5	278	0.001
5	279	0.003
5	280	0.002
5	281	0.002
5	282	0.003
5	283	0
5	284	0.005
5	285	0.006
5	286	0.005
5	287	0.004
5	288	0.002
5	289	0.007
5	290	0.005
5	291	0.004
5	292	0
5	293	0.002
5	294	0.003
5	295	0.002
5	296	0.003
5	297	0.002
5	298	0.001
5	299	0.001
5	300	0.001
5	301	0
5	302	0.004
5	303	0.001
5	304	0.003
5	305	0.004
5	306	0.006
5	307	0.001
5	308	0.001
5	309	0.001
5	310	0.002
5	311	0.006
5	312	0.002
5	313	0.003
5	314	0
5	315	0.005
5	316	0.001
5	317	0.003
5	318	0.004
5	319	0.003
5	320	0.002
5	321	0.004
5	322	0.002
5	323	0.003
5	324	0.005
5	325	0.001
5	326	0.003
5	327	0.001
5	328	0.003
5	329	0.007
5	330	0.004
5	331	0.003
5	332	0.003
5	333	0.003
5	334	0.001
5	335	0.005
5	336	0.003
5	337	0.004
5	338	0.004
5	339	0
5	340	0.004
5	341	0.006
5	342	0.002
5	343	0.003
5	344	0.001
5	345	0.003
5	346	0.004
5	347	0.002
5	348	0.004
5	349	0
5	350	0.003
5	351	0.001
5	352	0.004
5	353	0.001
5	354	0.005
5	355	0.003
5	356	0
5	357	0.002
5	358	0.002
5	359	0.005
10	0	0.004
10	1	0.003
10	2	0.001
10	3	0.003
10	4	0.004
10	5	0.002
10	6	0.002
10	7	0.001
10	8	0.001
10	9	0.001
10	10	0.004
10	11	0.003
10	12	0.002
10	13	0.001
10	14	0.002
10	15	0.002
10	16	0.001
10	17	0.001
10	18	0.008
10	19	0.002
10	20	0
10	21	0
10	22	0.002
10	23	0.001
10	24	0.003
10	25	0.004
10	26	0
10	27	0.004
10	28	0.002
10	29	0.003
10	30	0
10	31	0.002
10	32	0.003
10	33	0.001
10	34	0.001
10	35	0.003
10	36	0.003
10	37	0.003
10	38	0.004
10	39	0.002
10	40	0
10	41	0.002
10	42	0.007
10	43	0.004
10	44	0.003
10	45	0.001
10	46	0.001
10	47	0.002
10	48	0.002
10	49	0.003
10	50	0.004
10	51	0.006
10	52	0.002
10	53	0.001
10	54	0
10	55	0.001
10	56	0.003
10	57	0.004
10	58	0.002
10	59	0
10	60	0.006
10	61	0.003
10	62	0.006
10	63	0.001
10	64	0
10	65	0.001
10	66	0.002
10	67	0.002
10	68	0.002
10	69	0.002
10	70	0.001
10	71	0.004
10	72	0.001
10	73	0.006
10	74	0.001
10	75	0.001
10	76	0.002
10	77	0.001
10	78	0.002
10	79	0.003
10	80	0.004
10	81	0.001
10	82	0
10	83	0.002
10	84	0.003
10	85	0.001
10	86	0.001
10	87	0.002
10	88	0.004
10	89	0.001
10	90	0.007
10	91	0
10	92	0.003
10	93	0.005
10	94	0.003
10	95	0.004
10	96	0.002
10	97	0.001
10	98	0.001
10	99	0.002
10	100	0.002
10	101	0.001
10	102	0.006
10	103	0.002
10	104	0.002
10	105	0.002
10	106	0.002
10	107	0.003
10	108	0.002
10	109	0.003
10	110	0.004
10	111	0.002
10	112	0.002
10	113	0.001
10	114	0.002
10	115	0.004
10	116	0.003
10	117	0.004
10	118	0.003
10	119	0
10	120	0.002
10	121	0.003
10	122	0.001
10	123	0.001
10	124	0.001
10	125	0.001
10	126	0.002
10	127	0
10	128	0
10	129	0
10	130	0
10	131	0.009
10	132	0.002
10	133	0.002
10	134	0
10	135	0
10	136	0.004
10	137	0.003
10	138	0.001
10	139	0.002
10	140	0.002
10	141	0.002
10	142	0.002
10	143	0.004
10	144	0.002
10	145	0.001
10	146	0.003
10	147	0.001
10	148	0.003
10	149	0.003
10	150	0.002
10	151	0.004
10	152	0.001
10	153	0.002
10	154	0.001
10	155	0.002
10	156	0.002
10	157	0.002
10	158	0
10	159	0.001
10	160	0.001
10	161	0
10	162	0.001
10	163	0.004
10	164	0.002
10	165	0.005
10	166	0.002
10	167	0.005
10	168	0.001
10	169	0.003
10	170	0
10	171	0.003
10	172	0.002
10	173	0
10	174	0.001
10	175	0
10	176	0
10	177	0.002
10	178	0.003
10	179	0
10	180	0.003
10	181	0.001
10	182	0
10	183	0.002
10	184	0
10	185	0.004
10	186	0.002
10	187	0.002
10	188	0.004
10	189	0.001
10	190	0.001
10	191	0.002
10	192	0
10	193	0
10	194	0.002
10	195	0.002
10	196	0.007
10	197	0.001
10	198	0.007
10	199	0.003
10	200	0
10	201	0.004
10	202	0.002
10	203	0
10	204	0.003
10	205	0.001
10	206	0.001
10	207	0.001
10	208	0.003
10	209	0.001
10	210	0.002
10	211	0.001
10	212	0.003
10	213	0.003
10	214	0.002
10	215	0.002
10	216	0.002
10	217	0.003
10	218	0.002
10	219	0.002
10	220	0.002
10	221	0.001
10	222	0.005
10	223	0
10	224	0.003
10	225	0.002
10	226	0.001
10	227	0.003
10	228	0
10	229	0.002
10	230	0.003
10	231	0
10	232	0.001
10	233	0.002
10	234	0.002
10	235	0.002
10	236	0.001
10	237	0.002
10	238	0.004
10	239	0.002
10	240	0.002
10	241	0.003
10	242	0
10	243	0.003
10	244	0
10	245	0.002
10	246	0.004
10	247	0.002
10	248	0
10	249	0.003
10	250	0.004
10	251	0.001
10	252	0.001
10	253	0.006
10	254	0.001
10	255	0.004
10	256	0.003
10	257	0.003
10	258	0.002
10	259	0.003
10	260	0
10	261	0.002
10	262	0.001
10	263	0.002
10	264	0.001
10	265	0
10	266	0.001
10	267	0.005
10	268	0.005
10	269	0.002
10	270	0.002
10	271	0
10	272	0.005
10	273	0.001
10	274	0.001
10	275	0.004
10	276	0.003
10	277	0.003
10	278	0.001
10	279	0.003
10	280	0
10	281	0.002
10	282	0.003
10	283	0.003
10	284	0.003
10	285	0.002
10	286	0.003
10	287	0.003
10	288	0.004
10	289	0.003
10	290	0.003
10	291	0.001
10	292	0.004
10	293	0.001
10	294	0.003
10	295	0.001
10	296	0.002
10	297	0.003
10	298	0.003
10	299	0.001
10	300	0.004
10	301	0.004
10	302	0.005
10	303	0.004
10	304	0.001
10	305	0
10	306	0.001
10	307	0.001
10	308	0.002
10	309	0.003
10	310	0.001
10	311	0.002
10	312	0.004
10	313	0.004
10	314	0.001
10	315	0.002
10	316	0
10	317	0.003
10	318	0.001
10	319	0.002
10	320	0.009
10	321	0.003
10	322	0.006
10	323	0.002
10	324	0.003
10	325	0.002
10	326	0.002
10	327	0.002
10	328	0.003
10	329	0.004
10	330	0.004
10	331	0.001
10	332	0.009
10	333	0.003
10	334	0.003
10	335	0.007
10	336	0.003
10	337	0.003
10	338	0.003
10	339	0.002
10	340	0.001
10	341	0.001
10	342	0.001
10	343	0.001
10	344	0.003
10	345	0.002
10	346	0.001
10	347	0.003
10	348	0.001
10	349	0.002
10	350	0.003
10	351	0.002
10	352	0.002
10	353	0.001
10	354	0.003
10	355	0.005
10	356	0.002
10	357	0.003
10	358	0.002
10	359	0.001
15	0	0.003
15	1	0.001
15	2	0.001
15	3	0.002
15	4	0.003
15	5	0.001
15	6	0.001
15	7	0.002
15	8	0.004
15	9	0.001
15	10	0.003
15	11	0.005
15	12	0.004
15	13	0
15	14	0.001
15	15	0.004
15	16	0.003
15	17	0.003
15	18	0.004
15	19	0.002
15	20	0.001
15	21	0.001
15	22	0.002
15	23	0.002
15	24	0.002
15	25	0.001
15	26	0.003
15	27	0.002
15	28	0.002
15	29	0
15	30	0.002
15	31	0
15	32	0.001
15	33	0.002
15	34	0.002
15	35	0
15	36	0.004
15	37	0.003
15	38	0
15	39	0.001
15	40	0.002
15	41	0
15	42	0.002
15	43	0.007
15	44	0.001
15	45	0.001
15	46	0.005
15	47	0.003
15	48	0
15	49	0.001
15	50	0.002
15	51	0.005
15	52	0.002
15	53	0.003
15	54	0.002
15	55	0.002
15	56	0.005
15	57	0.001
15	58	0.002
15	59	0.002
15	60	0.001
15	61	0.003
15	62	0.002
15	63	0.002
15	64	0.001
15	65	0.004
15	66	0
15	67	0.003
15	68	0.001
15	69	0.003
15	70	0.002
15	71	0.001
15	72	0.002
15	73	0.002
15	74	0.001
15	75	0.003
15	76	0.001
15	77	0.002
15	78	0.003
15	79	0.005
15	80	0.002
15	81	0
15	82	0
15	83	0.003
15	84	0.002
15	85	0.002
15	86	0.001
15	87	0
15	88	0.002
15	89	0
15	90	0.002
15	91	0.001
15	92	0.001
15	93	0.002
15	94	0.002
15	95	0.004
15	96	0.003
15	97	0.004
15	98	0
15	99	0.002
15	100	0.003
15	101	0.002
15	102	0
15	103	0.002
15	104	0
15	105	0.001
15	106	0.003
15	107	0.004
15	108	0.001
15	109	0.002
15	110	0.003
15	111	0
15	112	0.002
15	113	0.002
15	114	0
15	115	0.001
15	116	0.001
15	117	0.001
15	118	0.001
15	119	0.002
15	120	0.002
15	121	0.002
15	122	0.001
15	123	0.002
15	124	0.003
15	125	0.002
15	126	0.001
15	127	0.001
15	128	0.002
15	129	0.001
15	130	0.003
15	131	0
15	132	0.002
15	133	0.004
15	134	0
15	135	0.001
15	136	0.002
15	137	0.001
15	138	0.002
15	139	0.002
15	140	0.001
15	141	0.001
15	142	0.001
15	143	0
15	144	0.001
15	145	0.002
15	146	0.004
15	147	0
15	148	0.001
15	149	0.001
15	150	0.003
15	151	0.001
15	152	0.001
15	153	0.003
15	154	0.003
15	155	0
15	156	0.002
15	157	0
15	158	0
15	159	0.002
15	160	0.001
15	161	0.003
15	162	0.001
15	163	0.001
15	164	0.001
15	165	0
15	166	0.003
15	167	0.003
15	168	0.001
15	169	0
15	170	0.003
15	171	0.001
15	172	0.001
15	173	0.001
15	174	0.001
15	175	0.002
15	176	0
15	177	0.001
15	178	0.001
15	179	0.002
15	180	0.001
15	181	0
15	182	0.003
15	183	0.005
15	184	0.001
15	185	0
15	186	0.001
15	187	0
15	188	0
15	189	0.001
15	190	0
15	191	0.003
15	192	0
15	193	0.002
15	194	0.002
15	195	0.002
15	196	0.002
15	197	0.001
15	198	0.002
15	199	0.001
15	200	0.004
15	201	0.003
15	202	0.002
15	203	0.002
15	204	0
15	205	0.001
15	206	0.001
15	207	0.002
15	208	0.001
15	209	0.002
15	210	0
15	211	0
15	212	0.001
15	213	0.001
15	214	0
15	215	0.001
15	216	0
15	217	0
15	218	0.001
15	219	0.002
15	220	0.003
15	221	0.002
15	222	0.001
15	223	0
15	224	0
15	225	0.003
15	226	0.001
15	227	0.001
15	228	0.001
15	229	0.001
15	230	0.001
15	231	0
15	232	0.001
15	233	0.003
15	234	0.001
15	235	0
15	236	0.001
15	237	0.003
15	238	0.003
15	239	0.002
15	240	0
15	241	0.001
15	242	0.001
15	243	0.003
15	244	0.001
15	245	0.001
15	246	0
15	247	0.001
15	248	0
15	249	0.001
15	250	0
15	251	0.002
15	252	0.002
15	253	0.002
15	254	0.001
15	255	0.003
15	256	0.003
15	257	0.002
15	258	0
15	259	0.001
15	260	0.003
15	261	0.001
15	262	0.001
15	263	0.003
15	264	0.002
15	265	0
15	266	0.001
15	267	0
15	268	0.003
15	269	0.002
15	270	0.004
15	271	0.004
15	272	0.002
15	273	0.003
15	274	0.002
15	275	0.001
15	276	0.002
15	277	0.002
15	278	0.002
15	279	0.003
15	280	0
15	281	0.002
15	282	0.002
15	283	0
15	284	0.006
15	285	0
15	286	0.002
15	287	0.001
15	288	0.001
15	289	0.001
15	290	0.003
15	291	0.001
15	292	0.001
15	293	0.002
15	294	0.001
15	295	0.006
15	296	0.007
15	297	0.006
15	298	0.001
15	299	0.003
15	300	0.002
15	301	0.002
15	302	0.001
15	303	0
15	304	0.001
15	305	0.005
15	306	0.002
15	307	0
15	308	0.001
15	309	0.001
15	310	0.001
15	311	0
15	312	0.001
15	313	0.001
15	314	0.004
15	315	0.001
15	316	0.004
15	317	0.002
15	318	0.003
15	319	0.006
15	320	0
15	321	0.002
15	322	0
15	323	0.002
15	324	0.003
15	325	0.003
15	326	0.004
15	327	0
15	328	0.002
15	329	0.003
15	330	0.001
15	331	0
15	332	0.001
15	333	0.002
15	334	0.001
15	335	0.002
15	336	0.003
15	337	0.003
15	338	0.003
15	339	0.002
15	340	0.003
15	341	0.001
15	342	0.001
15	343	0.002
15	344	0.001
15	345	0.003
15	346	0.001
15	347	0.006
15	348	0.005
15	349	0.003
15	350	0.002
15	351	0.004
15	352	0.003
15	353	0
15	354	0.001
15	355	0.002
15	356	0.004
15	357	0.003
15	358	0.003
15	359	0.002
20	0	0.002
20	1	0.002
20	2	0.002
20	3	0.003
20	4	0.003
20	5	0.001
20	6	0.002
20	7	0.001
20	8	0.001
20	9	0.001
20	10	0.001
20	11	0.003
20	12	0.003
20	13	0.001
20	14	0.002
20	15	0.002
20	16	0.004
20	17	0.002
20	18	0.001
20	19	0
20	20	0.002
20	21	0.001
20	22	0.002
20	23	0.001
20	24	0.001
20	25	0.002
20	26	0.003
20	27	0
20	28	0
20	29	0.003
20	30	0
20	31	0.001
20	32	0.004
20	33	0.001
20	34	0.003
20	35	0.001
20	36	0.004
20	37	0.001
20	38	0.003
20	39	0.004
20	40	0
20	41	0
20	42	0.003
20	43	0
20	44	0.002
20	45	0.001
20	46	0
20	47	0.001
20	48	0.001
20	49	0.002
20	50	0.002
20	51	0.002
20	52	0.002
20	53	0
20	54	0
20	55	0
20	56	0.002
20	57	0.001
20	58	0.004
20	59	0.002
20	60	0
20	61	0.001
20	62	0.002
20	63	0.002
20	64	0.001
20	65	0.001
20	66	0.001
20	67	0.001
20	68	0.005
20	69	0.001
20	70	0
20	71	0
20	72	0
20	73	0.004
20	74	0.002
20	75	0
20	76	0
20	77	0.001
20	78	0
20	79	0.003
20	80	0.001
20	81	0.002
20	82	0
20	83	0.002
20	84	0
20	85	0.001
20	86	0.001
20	87	0.001
20	88	0.002
20	89	0
20	90	0
20	91	0
20	92	0.004
20	93	0.001
20	94	0
20	95	0.001
20	96	0
20	97	0.001
20	98	0.002
20	99	0.001
20	100	0.003
20	101	0.002
20	102	0.001
20	103	0
20	104	0.001
20	105	0.001
20	106	0
20	107	0
20	108	0
20	109	0.001
20	110	0.001
20	111	0.001
20	112	0.002
20	113	0.001
20	114	0
20	115	0.001
20	116	0.001
20	117	0
20	118	0.001
20	119	0.001
20	120	0
20	121	0
20	122	0.001
20	123	0.001
20	124	0.001
20	125	0
20	126	0.001
20	127	0.001
20	128	0.001
20	129	0.002
20	130	0.001
20	131	0.001
20	132	0
20	133	0.001
20	134	0
20	135	0
20	136	0.001
20	137	0.001
20	138	0
20	139	0.002
20	140	0.001
20	141	0
20	142	0
20	143	0
20	144	0.001
20	145	0.001
20	146	0.001
20	147	0.001
20	148	0.001
20	149	0
20	150	0
20	151	0.001
20	152	0
20	153	0
20	154	0.002
20	155	0.001
20	156	0.001
20	157	0
20	158	0.001
20	159	0.001
20	160	0
20	161	0.001
20	162	0
20	163	0
20	164	0
20	165	0.001
20	166	0
20	167	0
20	168	0.001
20	169	0.002
20	170	0.001
20	171	0.001
20	172	0
20	173	0
20	174	0.001
20	175	0.001
20	176	0
20	177	0.002
20	178	0
20	179	0
20	180	0
20	181	0
20	182	0.001
20	183	0
20	184	0.003
20	185	0
20	186	0.001
20	187	0
20	188	0
20	189	0.001
20	190	0
20	191	0
20	192	0.001
20	193	0.001
20	194	0
20	195	0
20	196	0
20	197	0.001
20	198	0.001
20	199	0.002
20	200	0
20	201	0
20	202	0
20	203	0
20	204	0.001
20	205	0.001
20	206	0.001
20	207	0
20	208	0.001
20	209	0
20	210	0
20	211	0
20	212	0
20	213	0
20	214	0
20	215	0.001
20	216	0.001
20	217	0
20	218	0
20	219	0
20	220	0
20	221	0.001
20	222	0
20	223	0
20	224	0.001
20	225	0.001
20	226	0.002
20	227	0.002
20	228	0.001
20	229	0
20	230	0
20	231	0
20	232	0
20	233	0.001
20	234	0.001
20	235	0.002
20	236	0
20	237	0
20	238	0.001
20	239	0
20	240	0.001
20	241	0
20	242	0.001
20	243	0.003
20	244	0
20	245	0.002
20	246	0.001
20	247	0
20	248	0.003
20	249	0
20	250	0.001
20	251	0.001
20	252	0.001
20	253	0
20	254	0
20	255	0
20	256	0.004
20	257	0.001
20	258	0.001
20	259	0.001
20	260	0
20	261	0.001
20	262	0
20	263	0
20	264	0.001
20	265	0.002
20	266	0.001
20	267	0.001
20	268	0.001
20	269	0.001
20	270	0.001
20	271	0.003
20	272	0.001
20	273	0.002
20	274	0.002
20	275	0.001
20	276	0.002
20	277	0.004
20	278	0
20	279	0
20	280	0
20	281	0.002
20	282	0
20	283	0.001
20	284	0.001
20	285	0.001
20	286	0
20	287	0.002
20	288	0.001
20	289	0.001
20	290	0.001
20	291	0
20	292	0
20	293	0
20	294	0.001
20	295	0.002
20	296	0
20	297	0.001
20	298	0.002
20	299	0.003
20	300	0.002
20	301	0.002
20	302	0.002
20	303	0.002
20	304	0.003
20	305	0.001
20	306	0
20	307	0.002
20	308	0.001
20	309	0
20	310	0.002
20	311	0.002
20	312	0.002
20	313	0.001
20	314	0.001
20	315	0.005
20	316	0.001
20	317	0
20	318	0.001
20	319	0.001
20	320	0
20	321	0
20	322	0.001
20	323	0.001
20	324	0
20	325	0.002
20	326	0.001
20	327	0.002
20	328	0.004
20	329	0.001
20	330	0.001
20	331	0.004
20	332	0.006
20	333	0.002
20	334	0.003
20	335	0.001
20	336	0.004
20	337	0
20	338	0
20	339	0.003
20	340	0.001
20	341	0.004
20	342	0.002
20	343	0.001
20	344	0.001
20	345	0.001
20	346	0.002
20	347	0.002
20	348	0
20	349	0.004
20	350	0
20	351	0.003
20	352	0.001
20	353	0
20	354	0
20	355	0.002
20	356	0.005
20	357	0.004
20	358	0.001
20	359	0.002
25	0	0.002
25	1	0.003
25	2	0.002
25	3	0.001
25	4	0
25	5	0.003
25	6	0
25	7	0.001
25	8	0.002
25	9	0.001
25	10	0.003
25	11	0.001
25	12	0.001
25	13	0.001
25	14	0.001
25	15	0.002
25	16	0
25	17	0.001
25	18	0.001
25	19	0
25	20	0.001
25	21	0.001
25	22	0
25	23	0.001
25	24	0
25	25	0
25	26	0.001
25	27	0.001
25	28	0
25	29	0.001
25	30	0.002
25	31	0.003
25	32	0.002
25	33	0.001
25	34	0.001
25	35	0.001
25	36	0.002
25	37	0.001
25	38	0.001
25	39	0.002
25	40	0
25	41	0
25	42	0
25	43	0.001
25	44	0.001
25	45	0.001
25	46	0
25	47	0.002
25	48	0
25	49	0.001
25	50	0.003
25	51	0
25	52	0.001
25	53	0
25	54	0
25	55	0.001
25	56	0.002
25	57	0
25	58	0
25	59	0
25	60	0
25	61	0
25	62	0.001
25	63	0
25	64	0.001
25	65	0.001
25	66	0.001
25	67	0
25	68	0
25	69	0
25	70	0
25	71	0.001
25	72	0.002
25	73	0.001
25	74	0.003
25	75	0.002
25	76	0.001
25	77	0
25	78	0.001
25	79	0.001
25	80	0.001
25	81	0
25	82	0
25	83	0
25	84	0.002
25	85	0.001
25	86	0
25	87	0
25	88	0
25	89	0
25	90	0
25	91	0.001
25	92	0
25	93	0.001
25	94	0.001
25	95	0
25	96	0
25	97	0.002
25	98	0
25	99	0.001
25	100	0
25	101	0.001
25	102	0
25	103	0
25	104	0.001
25	105	0.002
25	106	0
25	107	0.001
25	108	0.003
25	109	0
25	110	0
25	111	0.001
25	112	0
25	113	0
25	114	0
25	115	0
25	116	0.001
25	117	0.001
25	118	0
25	119	0
25	120	0.001
25	121	0
25	122	0
25	123	0
25	124	0.001
25	125	0.001
25	126	0
25	127	0
25	128	0
25	129	0
25	130	0
25	131	0
25	132	0
25	133	0.002
25	134	0
25	135	0
25	136	0
25	137	0.001
25	138	0.001
25	139	0
25	140	0
25	141	0
25	142	0
25	143	0.001
25	144	0
25	145	0
25	146	0
25	147	0
25	148	0.001
25	149	0
25	150	0
25	151	0
25	152	0
25	153	0
25	154	0
25	155	0
25	156	0
25	157	0.002
25	158	0.001
25	159	0
25	160	0
25	161	0
25	162	0
25	163	0
25	164	0
25	165	0
25	166	0
25	167	0.001
25	168	0
25	169	0
25	170	0.001
25	171	0
25	172	0.001
25	173	0
25	174	0
25	175	0
25	176	0
25	177	0
25	178	0
25	179	0
25	180	0
25	181	0
25	182	0
25	183	0
25	184	0
25	185	0
25	186	0
25	187	0
25	188	0
25	189	0
25	190	0
25	191	0
25	192	0
25	193	0.001
25	194	0
25	195	0
25	196	0
25	197	0
25	198	0
25	199	0
25	200	0
25	201	0
25	202	0
25	203	0.001
25	204	0
25	205	0
25	206	0
25	207	0
25	208	0
25	209	0
25	210	0
25	211	0.001
25	212	0
25	213	0
25	214	0
25	215	0
25	216	0
25	217	0
25	218	0
25	219	0
25	220	0
25	221	0
25	222	0
25	223	0
25	224	0
25	225	0
25	226	0
25	227	0
25	228	0
25	229	0
25	230	0
25	231	0.001
25	232	0
25	233	0
25	234	0
25	235	0
25	236	0.001
25	237	0.001
25	238	0
25	239	0
25	240	0
25	241	0.001
25	242	0
25	243	0.001
25	244	0
25	245	0.001
25	246	0.002
25	247	0.001
25	248	0.003
25	249	0.001
25	250	0
25	251	0
25	252	0
25	253	0
25	254	0
25	255	0
25	256	0
25	257	0.002
25	258	0.001
25	259	0.001
25	260	0
25	261	0
25	262	0
25	263	0.001
25	264	0
25	265	0.001
25	266	0
25	267	0
25	268	0
25	269	0
25	270	0
25	271	0
25	272	0
25	273	0
25	274	0
25	275	0
25	276	0.001
25	277	0
25	278	0
25	279	0
25	280	0.001
25	281	0.001
25	282	0.002
25	283	0.003
25	284	0.002
25	285	0
25	286	0.001
25	287	0
25	288	0
25	289	0.002
25	290	0.001
25	291	0.001
25	292	0
25	293	0.001
25	294	0
25	295	0.004
25	296	0
25	297	0.001
25	298	0.001
25	299	0
25	300	0.001
25	301	0.002
25	302	0.002
25	303	0.002
25	304	0
25	305	0
25	306	0.001
25	307	0.001
25	308	0
25	309	0.001
25	310	0
25	311	0.001
25	312	0
25	313	0
25	314	0.002
25	315	0
25	316	0.002
25	317	0.001
25	318	0.002
25	319	0.002
25	320	0
25	321	0.003
25	322	0.002
25	323	0
25	324	0.002
25	325	0.001
25	326	0.001
25	327	0.002
25	328	0
25	329	0.001
25	330	0.003
25	331	0.001
25	332	0.001
25	333	0.001
25	334	0.001
25	335	0
25	336	0
25	337	0
25	338	0
25	339	0
25	340	0
25	341	0.001
25	342	0.001
25	343	0.002
25	344	0
25	345	0
25	346	0.002
25	347	0.001
25	348	0.001
25	349	0.001
25	350	0.003
25	351	0.001
25	352	0.003
25	353	0
25	354	0
25	355	0.003
25	356	0.001
25	357	0
25	358	0
25	359	0.002
30	0	0
30	1	0
30	2	0.001
30	3	0.001
30	4	0
30	5	0
30	6	0
30	7	0
30	8	0.001
30	9	0.003
30	10	0
30	11	0.001
30	12	0.003
30	13	0.002
30	14	0.004
30	15	0
30	16	0.001
30	17	0.001
30	18	0.001
30	19	0.001
30	20	0
30	21	0.001
30	22	0.002
30	23	0.002
30	24	0.004
30	25	0.001
30	26	0
30	27	0.002
30	28	0.002
30	29	0.001
30	30	0.001
30	31	0
30	32	0
30	33	0
30	34	0.002
30	35	0.002
30	36	0.001
30	37	0
30	38	0.001
30	39	0
30	40	0.003
30	41	0
30	42	0
30	43	0.001
30	44	0.001
30	45	0.001
30	46	0
30	47	0
30	48	0.001
30	49	0
30	50	0
30	51	0
30	52	0
30	53	0
30	54	0
30	55	0.001
30	56	0.001
30	57	0.001
30	58	0.002
30	59	0.002
30	60	0
30	61	0
30	62	0.002
30	63	0
30	64	0.001
30	65	0.003
30	66	0.002
30	67	0
30	68	0.002
30	69	0.002
30	70	0
30	71	0
30	72	0
30	73	0.002
30	74	0
30	75	0
30	76	0.001
30	77	0
30	78	0.001
30	79	0
30	80	0.001
30	81	0.001
30	82	0
30	83	0.002
30	84	0.001
30	85	0.001
30	86	0.001
30	87	0
30	88	0
30	89	0.001
30	90	0
30	91	0.002
30	92	0
30	93	0
30	94	0.001
30	95	0
30	96	0.001
30	97	0.002
30	98	0
30	99	0.001
30	100	0
30	101	0
30	102	0
30	103	0
30	104	0.001
30	105	0
30	106	0.001
30	107	0
30	108	0
30	109	0
30	110	0
30	111	0
30	112	0
30	113	0
30	114	0
30	115	0
30	116	0
30	117	0
30	118	0
30	119	0
30	120	0
30	121	0
30	122	0
30	123	0
30	124	0
30	125	0
30	126	0
30	127	0
30	128	0
30	129	0
30	130	0
30	131	0.001
30	132	0
30	133	0
30	134	0
30	135	0
30	136	0
30	137	0
30	138	0
30	139	0
30	140	0
30	141	0
30	142	0.001
30	143	0
30	144	0
30	145	0
30	146	0.001
30	147	0
30	148	0
30	149	0
30	150	0
30	151	0
30	152	0
30	153	0
30	154	0
30	155	0
30	156	0.001
30	157	0
30	158	0
30	159	0.002
30	160	0
30	161	0
30	162	0
30	163	0
30	164	0
30	165	0
30	166	0
30	167	0
30	168	0
30	169	0.001
30	170	0
30	171	0
30	172	0
30	173	0
30	174	0
30	175	0
30	176	0.001
30	177	0
30	178	0
30	179	0
30	180	0.001
30	181	0.001
30	182	0
30	183	0.001
30	184	0.001
30	185	0
30	186	0
30	187	0
30	188	0.001
30	189	0
30	190	0
30	191	0
30	192	0.001
30	193	0
30	194	0
30	195	0
30	196	0
30	197	0
30	198	0.001
30	199	0
30	200	0
30	201	0
30	202	0
30	203	0
30	204	0
30	205	0
30	206	0.001
30	207	0
30	208	0
30	209	0.001
30	210	0
30	211	0
30	212	0
30	213	0.001
30	214	0
30	215	0
30	216	0
30	217	0.001
30	218	0
30	219	0
30	220	0
30	221	0
30	222	0
30	223	0
30	224	0
30	225	0
30	226	0
30	227	0
30	228	0
30	229	0
30	230	0
30	231	0
30	232	0
30	233	0
30	234	0
30	235	0
30	236	0
30	237	0
30	238	0
30	239	0
30	240	0
30	241	0
30	242	0.001
30	243	0
30	244	0
30	245	0
30	246	0
30	247	0
30	248	0
30	249	0
30	250	0
30	251	0
30	252	0
30	253	0
30	254	0.001
30	255	0
30	256	0
30	257	0
30	258	0.001
30	259	0
30	260	0
30	261	0.001
30	262	0.001
30	263	0
30	264	0.001
30	265	0
30	266	0.001
30	267	0
30	268	0.001
30	269	0
30	270	0
30	271	0.001
30	272	0.001
30	273	0
30	274	0.001
30	275	0
30	276	0.001
30	277	0.002
30	278	0.001
30	279	0.002
30	280	0
30	281	0.002
30	282	0
30	283	0.001
30	284	0
30	285	0
30	286	0.002
30	287	0
30	288	0.001
30	289	0.001
30	290	0
30	291	0.001
30	292	0
30	293	0.003
30	294	0
30	295	0
30	296	0
30	297	0.001
30	298	0.001
30	299	0
30	300	0.002
30	301	0
30	302	0.002
30	303	0.003
30	304	0.003
30	305	0.001
30	306	0.002
30	307	0
30	308	0.001
30	309	0.002
30	310	0
30	311	0.001
30	312	0.001
30	313	0
30	314	0.002
30	315	0.002
30	316	0.002
30	317	0.001
30	318	0.001
30	319	0.001
30	320	0.002
30	321	0.002
30	322	0.001
30	323	0.001
30	324	0.001
30	325	0.001
30	326	0
30	327	0.001
30	328	0.002
30	329	0
30	330	0.002
30	331	0
30	332	0
30	333	0
30	334	0.001
30	335	0
30	336	0
30	337	0.001
30	338	0.001
30	339	0.001
30	340	0.001
30	341	0.001
30	342	0.001
30	343	0.003
30	344	0.001
30	345	0.002
30	346	0.003
30	347	0.001
30	348	0
30	349	0
30	350	0.002
30	351	0.002
30	352	0.003
30	353	0.002
30	354	0
30	355	0.001
30	356	0.002
30	357	0
30	358	0.002
30	359	0.002
35	0	0
35	1	0.001
35	2	0.001
35	3	0
35	4	0
35	5	0.001
35	6	0.001
35	7	0
35	8	0
35	9	0
35	10	0
35	11	0.001
35	12	0.001
35	13	0.001
35	14	0
35	15	0.001
35	16	0.001
35	17	0
35	18	0.002
35	19	0.001
35	20	0.001
35	21	0.001
35	22	0
35	23	0.001
35	24	0
35	25	0
35	26	0
35	27	0
35	28	0.002
35	29	0.001
35	30	0.001
35	31	0
35	32	0.001
35	33	0.002
35	34	0
35	35	0
35	36	0.001
35	37	0.002
35	38	0.001
35	39	0
35	40	0
35	41	0.001
35	42	0.002
35	43	0.002
35	44	0.002
35	45	0
35	46	0
35	47	0
35	48	0.002
35	49	0
35	50	0
35	51	0
35	52	0.001
35	53	0.001
35	54	0
35	55	0
35	56	0.001
35	57	0
35	58	0.001
35	59	0
35	60	0
35	61	0
35	62	0
35	63	0
35	64	0
35	65	0.001
35	66	0.001
35	67	0
35	68	0.003
35	69	0
35	70	0.001
35	71	0
35	72	0
35	73	0.001
35	74	0
35	75	0
35	76	0
35	77	0
35	78	0
35	79	0
35	80	0
35	81	0
35	82	0
35	83	0.001
35	84	0
35	85	0
35	86	0.002
35	87	0.001
35	88	0
35	89	0
35	90	0.001
35	91	0
35	92	0
35	93	0
35	94	0
35	95	0
35	96	0
35	97	0
35	98	0.001
35	99	0
35	100	0
35	101	0
35	102	0
35	103	0
35	104	0.001
35	105	0
35	106	0
35	107	0
35	108	0.001
35	109	0
35	110	0
35	111	0
35	112	0
35	113	0
35	114	0
35	115	0
35	116	0
35	117	0.001
35	118	0
35	119	0
35	120	0
35	121	0
35	122	0
35	123	0.001
35	124	0
35	125	0
35	126	0
35	127	0
35	128	0
35	129	0
35	130	0.001
35	131	0.001
35	132	0
35	133	0
35	134	0.001
35	135	0
35	136	0
35	137	0
35	138	0
35	139	0
35	140	0
35	141	0
35	142	0
35	143	0
35	144	0
35	145	0
35	146	0
35	147	0
35	148	0
35	149	0
35	150	0.001
35	151	0.001
35	152	0
35	153	0
35	154	0
35	155	0
35	156	0
35	157	0
35	158	0
35	159	0
35	160	0
35	161	0
35	162	0
35	163	0.001
35	164	0.001
35	165	0.002
35	166	0.001
35	167	0
35	168	0
35	169	0
35	170	0.002
35	171	0.002
35	172	0
35	173	0
35	174	0
35	175	0
35	176	0
35	177	0
35	178	0
35	179	0.001
35	180	0
35	181	0.002
35	182	0.002
35	183	0.001
35	184	0
35	185	0
35	186	0
35	187	0.002
35	188	0
35	189	0
35	190	0
35	191	0
35	192	0
35	193	0
35	194	0
35	195	0
35	196	0.001
35	197	0
35	198	0
35	199	0
35	200	0
35	201	0.001
35	202	0.001
35	203	0.001
35	204	0
35	205	0
35	206	0
35	207	0.001
35	208	0
35	209	0
35	210	0
35	211	0.001
35	212	0
35	213	0.001
35	214	0
35	215	0.001
35	216	0
35	217	0
35	218	0
35	219	0
35	220	0
35	221	0
35	222	0
35	223	0
35	224	0
35	225	0
35	226	0.001
35	227	0
35	228	0
35	229	0
35	230	0
35	231	0
35	232	0
35	233	0
35	234	0
35	235	0
35	236	0
35	237	0
35	238	0
35	239	0
35	240	0
35	241	0
35	242	0
35	243	0
35	244	0
35	245	0
35	246	0
35	247	0
35	248	0
35	249	0
35	250	0
35	251	0
35	252	0
35	253	0
35	254	0
35	255	0
35	256	0
35	257	0
35	258	0
35	259	0
35	260	0
35	261	0
35	262	0
35	263	0
35	264	0
35	265	0
35	266	0
35	267	0
35	268	0
35	269	0
35	270	0
35	271	0
35	272	0
35	273	0
35	274	0
35	275	0.001
35	276	0
35	277	0
35	278	0
35	279	0.001
35	280	0
35	281	0
35	282	0
35	283	0
35	284	0.001
35	285	0
35	286	0
35	287	0
35	288	0
35	289	0.001
35	290	0
35	291	0.002
35	292	0.001
35	293	0
35	294	0.001
35	295	0
35	296	0
35	297	0
35	298	0
35	299	0
35	300	0.002
35	301	0
35	302	0
35	303	0
35	304	0.002
35	305	0
35	306	0.002
35	307	0.001
35	308	0
35	309	0
35	310	0
35	311	0
35	312	0
35	313	0
35	314	0
35	315	0
35	316	0
35	317	0
35	318	0.002
35	319	0.001
35	320	0
35	321	0
35	322	0
35	323	0.002
35	324	0
35	325	0
35	326	0
35	327	0
35	328	0
35	329	0.002
35	330	0
35	331	0.002
35	332	0
35	333	0
35	334	0
35	335	0.001
35	336	0
35	337	0.002
35	338	0.001
35	339	0.001
35	340	0.002
35	341	0
35	342	0
35	343	0
35	344	0
35	345	0
35	346	0
35	347	0
35	348	0.002
35	349	0
35	350	0
35	351	0.001
35	352	0
35	353	0
35	354	0
35	355	0
35	356	0.001
35	357	0.001
35	358	0.001
35	359	0.001
40	0	0.001
40	1	0
40	2	0
40	3	0
40	4	0
40	5	0.001
40	6	0
40	7	0
40	8	0.001
40	9	0.002
40	10	0
40	11	0.001
40	12	0
40	13	0
40	14	0.001
40	15	0
40	16	0.001
40	17	0.001
40	18	0
40	19	0
40	20	0.002
40	21	0
40	22	0.001
40	23	0
40	24	0
40	25	0
40	26	0.001
40	27	0.001
40	28	0
40	29	0.002
40	30	0
40	31	0.001
40	32	0.001
40	33	0
40	34	0
40	35	0
40	36	0
40	37	0.001
40	38	0
40	39	0.002
40	40	0
40	41	0.001
40	42	0
40	43	0
40	44	0.002
40	45	0.001
40	46	0
40	47	0
40	48	0
40	49	0.001
40	50	0
40	51	0
40	52	0
40	53	0
40	54	0
40	55	0
40	56	0
40	57	0
40	58	0
40	59	0.001
40	60	0
40	61	0.001
40	62	0
40	63	0.001
40	64	0.001
40	65	0
40	66	0
40	67	0
40	68	0
40	69	0
40	70	0
40	71	0
40	72	0
40	73	0
40	74	0
40	75	0.001
40	76	0
40	77	0
40	78	0
40	79	0
40	80	0
40	81	0
40	82	0
40	83	0
40	84	0
40	85	0
40	86	0
40	87	0
40	88	0.001
40	89	0
40	90	0
40	91	0
40	92	0
40	93	0
40	94	0
40	95	0
40	96	0
40	97	0
40	98	0
40	99	0
40	100	0
40	101	0
40	102	0
40	103	0
40	104	0
40	105	0
40	106	0
40	107	0
40	108	0
40	109	0
40	110	0
40	111	0
40	112	0
40	113	0
40	114	0
40	115	0
40	116	0
40	117	0
40	118	0
40	119	0
40	120	0
40	121	0
40	122	0
40	123	0
40	124	0.001
40	125	0
40	126	0
40	127	0
40	128	0.001
40	129	0
40	130	0
40	131	0
40	132	0.001
40	133	0.001
40	134	0
40	135	0
40	136	0
40	137	0
40	138	0
40	139	0
40	140	0
40	141	0
40	142	0
40	143	0
40	144	0
40	145	0
40	146	0
40	147	0.001
40	148	0
40	149	0
40	150	0.001
40	151	0
40	152	0
40	153	0
40	154	0
40	155	0.001
40	156	0.001
40	157	0.002
40	158	0
40	159	0
40	160	0
40	161	0
40	162	0
40	163	0.001
40	164	0
40	165	0.002
40	166	0
40	167	0
40	168	0
40	169	0
40	170	0
40	171	0
40	172	0
40	173	0
40	174	0.001
40	175	0
40	176	0
40	177	0.003
40	178	0
40	179	0.001
40	180	0
40	181	0
40	182	0
40	183	0
40	184	0
40	185	0
40	186	0.001
40	187	0
40	188	0
40	189	0
40	190	0
40	191	0
40	192	0
40	193	0
40	194	0.001
40	195	0.001
40	196	0
40	197	0
40	198	0
40	199	0
40	200	0.002
40	201	0
40	202	0
40	203	0
40	204	0
40	205	0.001
40	206	0.001
40	207	0
40	208	0.001
40	209	0
40	210	0.001
40	211	0
40	212	0
40	213	0
40	214	0.001
40	215	0.001
40	216	0
40	217	0
40	218	0
40	219	0
40	220	0
40	221	0
40	222	0
40	223	0
40	224	0
40	225	0
40	226	0.001
40	227	0
40	228	0
40	229	0.002
40	230	0
40	231	0
40	232	0
40	233	0
40	234	0
40	235	0
40	236	0.001
40	237	0
40	238	0
40	239	0
40	240	0
40	241	0
40	242	0.001
40	243	0
40	244	0
40	245	0.001
40	246	0
40	247	0
40	248	0
40	249	0
40	250	0
40	251	0
40	252	0
40	253	0
40	254	0
40	255	0
40	256	0
40	257	0
40	258	0
40	259	0
40	260	0
40	261	0
40	262	0
40	263	0
40	264	0
40	265	0
40	266	0
40	267	0
40	268	0
40	269	0
40	270	0
40	271	0
40	272	0
40	273	0
40	274	0
40	275	0
40	276	0
40	277	0
40	278	0
40	279	0
40	280	0
40	281	0
40	282	0
40	283	0
40	284	0
40	285	0
40	286	0
40	287	0.001
40	288	0
40	289	0
40	290	0.001
40	291	0
40	292	0
40	293	0.001
40	294	0
40	295	0.001
40	296	0
40	297	0
40	298	0
40	299	0
40	300	0
40	301	0.003
40	302	0.001
40	303	0
40	304	0
40	305	0
40	306	0
40	307	0.001
40	308	0
40	309	0.002
40	310	0
40	311	0
40	312	0
40	313	0
40	314	0
40	315	0.001
40	316	0.001
40	317	0
40	318	0.001
40	319	0.001
40	320	0
40	321	0.001
40	322	0
40	323	0
40	324	0
40	325	0.001
40	326	0
40	327	0
40	328	0
40	329	0
40	330	0
40	331	0
40	332	0
40	333	0
40	334	0
40	335	0
40	336	0
40	337	0
40	338	0
40	339	0.001
40	340	0
40	341	0
40	342	0
40	343	0
40	344	0
40	345	0.001
40	346	0
40	347	0
40	348	0
40	349	0
40	350	0
40	351	0.001
40	352	0.002
40	353	0
40	354	0
40	355	0
40	356	0.001
40	357	0
40	358	0
40	359	0
45	0	0
45	1	0
45	2	0.001
45	3	0
45	4	0
45	5	0
45	6	0
45	7	0
45	8	0
45	9	0
45	10	0
45	11	0.001
45	12	0
45	13	0
45	14	0
45	15	0
45	16	0
45	17	0
45	18	0
45	19	0
45	20	0
45	21	0
45	22	0.001
45	23	0.001
45	24	0
45	25	0.001
45	26	0
45	27	0
45	28	0
45	29	0
45	30	0
45	31	0
45	32	0
45	33	0
45	34	0
45	35	0.002
45	36	0
45	37	0.001
45	38	0
45	39	0
45	40	0
45	41	0
45	42	0
45	43	0
45	44	0
45	45	0
45	46	0
45	47	0
45	48	0
45	49	0
45	50	0
45	51	0
45	52	0
45	53	0.001
45	54	0.001
45	55	0
45	56	0.001
45	57	0
45	58	0
45	59	0
45	60	0
45	61	0
45	62	0
45	63	0
45	64	0
45	65	0
45	66	0.001
45	67	0
45	68	0
45	69	0
45	70	0
45	71	0
45	72	0
45	73	0
45	74	0
45	75	0
45	76	0
45	77	0
45	78	0
45	79	0
45	80	0
45	81	0
45	82	0
45	83	0
45	84	0
45	85	0
45	86	0
45	87	0
45	88	0
45	89	0.001
45	90	0
45	91	0
45	92	0
45	93	0
45	94	0
45	95	0
45	96	0
45	97	0
45	98	0
45	99	0
45	100	0
45	101	0
45	102	0
45	103	0
45	104	0
45	105	0
45	106	0
45	107	0
45	108	0
45	109	0
45	110	0
45	111	0
45	112	0
45	113	0.001
45	114	0
45	115	0
45	116	0
45	117	0
45	118	0
45	119	0
45	120	0
45	121	0
45	122	0
45	123	0
45	124	0
45	125	0
45	126	0
45	127	0
45	128	0
45	129	0
45	130	0
45	131	0
45	132	0
45	133	0
45	134	0
45	135	0
45	136	0
45	137	0
45	138	0
45	139	0
45	140	0
45	141	0
45	142	0
45	143	0
45	144	0
45	145	0
45	146	0
45	147	0.001
45	148	0.001
45	149	0.001
45	150	0
45	151	0
45	152	0
45	153	0
45	154	0
45	155	0
45	156	0.001
45	157	0
45	158	0
45	159	0
45	160	0
45	161	0
45	162	0
45	163	0
45	164	0
45	165	0
45	166	0
45	167	0
45	168	0
45	169	0
45	170	0
45	171	0
45	172	0
45	173	0
45	174	0
45	175	0
45	176	0.001
45	177	0.001
45	178	0
45	179	0
45	180	0
45	181	0
45	182	0
45	183	0
45	184	0
45	185	0.001
45	186	0
45	187	0
45	188	0
45	189	0
45	190	0
45	191	0
45	192	0
45	193	0.002
45	194	0.001
45	195	0
45	196	0
45	197	0
45	198	0
45	199	0
45	200	0
45	201	0
45	202	0
45	203	0
45	204	0
45	205	0.001
45	206	0
45	207	0.001
45	208	0
45	209	0
45	210	0.001
45	211	0
45	212	0
45	213	0
45	214	0
45	215	0
45	216	0
45	217	0
45	218	0
45	219	0
45	220	0
45	221	0
45	222	0
45	223	0.001
45	224	0
45	225	0
45	226	0
45	227	0
45	228	0
45	229	0
45	230	0
45	231	0
45	232	0
45	233	0
45	234	0
45	235	0
45	236	0
45	237	0
45	238	0
45	239	0.001
45	240	0
45	241	0
45	242	0
45	243	0
45	244	0
45	245	0
45	246	0
45	247	0.001
45	248	0
45	249	0
45	250	0
45	251	0
45	252	0
45	253	0
45	254	0
45	255	0
45	256	0
45	257	0
45	258	0
45	259	0
45	260	0
45	261	0
45	262	0
45	263	0
45	264	0
45	265	0
45	266	0
45	267	0
45	268	0
45	269	0
45	270	0
45	271	0
45	272	0
45	273	0
45	274	0
45	275	0
45	276	0
45	277	0
45	278	0
45	279	0
45	280	0
45	281	0
45	282	0
45	283	0
45	284	0
45	285	0
45	286	0
45	287	0
45	288	0
45	289	0
45	290	0
45	291	0.001
45	292	0
45	293	0.001
45	294	0
45	295	0
45	296	0
45	297	0
45	298	0
45	299	0
45	300	0.001
45	301	0
45	302	0.001
45	303	0
45	304	0
45	305	0.001
45	306	0
45	307	0
45	308	0
45	309	0
45	310	0
45	311	0
45	312	0
45	313	0
45	314	0
45	315	0
45	316	0
45	317	0
45	318	0.001
45	319	0
45	320	0
45	321	0
45	322	0
45	323	0.001
45	324	0
45	325	0.001
45	326	0.001
45	327	0
45	328	0.001
45	329	0
45	330	0
45	331	0
45	332	0
45	333	0
45	334	0
45	335	0
45	336	0
45	337	0
45	338	0
45	339	0
45	340	0.001
45	341	0
45	342	0
45	343	0
45	344	0
45	345	0
45	346	0
45	347	0
45	348	0
45	349	0
45	350	0
45	351	0
45	352	0
45	353	0
45	354	0
45	355	0.001
45	356	0
45	357	0.001
45	358	0
45	359	0
